label,awk,cat,cat -b,cat -n,cat -s,cd,chattr,chattr +a,chattr +i,chattr -i,crontab,crontab -e,crontab -l,crontab -r,curl,curl -X,curl -d,curl -o,curl -s,echo,echo -e,echo -n,free,free -g,free -h,free -m,grep,grep -E,grep -i,grep -r,grep -v,head,head -n,ifconfig,lockr,ls,ls -R,ls -a,ls -h,ls -l,ls -la,ls -lh,lscpu,id,pkill,pkill -9,pkill -f,pkill -u,ps,ps -e,ps -f,ps -u,ps -x,rm,rm -f,rm -r,rm -rf,sh,tftp,top,logname,whoami,uname,uname -a,uname -n,uname -r,uname -s,w,wc,wc -c,wc -l,wc -w,wget,wget --no-check-certificate,wget -O,wget -q,which,which -ls,ack,ack -i,ack -w,ack -c,ack -l,ack -n,bzip2,bzip2 -k,bzip2 -f,bzip2 -v,bzip2 -d,bzip2 -t,cmp,cmp -l,cmp -s,cmp -n,cmp -i,diff,diff -u,diff -c,diff -i,diff -b,diff -r,find,find -name,find -type,find -mtime,find -size,find -exec,gzip,gzip -k,gzip -d,gzip -v,gzip --best,gzip --fast,locate,locate -i,locate -r,locate -l,locate -e,mosh,mosh -p,mosh -s,mosh -c,mosh --predict,rsync,rsync -a,rsync -v,rsync -z,rsync --delete,rsync -P,scp,scp -r,scp -p,scp -C,scp -P,scp -l,scp -t,ssh,ssh -p,ssh -i,ssh -L,ssh -R,ssh -o,su,su -c,su -l,su -p,sudo,sudo -u,sudo -s,sudo -H,sudo -E,sudo -n,tar,tar -c,tar -x,tar -t,tar -z,tar -j,tar -v,tar -f,tar --exclude,zip,zip -r,zip -u,zip -d,zip -9,zip -l,nproc,chmod,chown,chrgp,dnf,yum,apt-get,kill,killall,bg
awk,1.0000000000000002,0.0,0.0,0.0,0.0,0.0,0.0,0.0,0.0,0.0,0.0,0.0,0.0,0.0,0.0,0.0,0.0,0.0,0.0,0.49310426294369447,0.26113496161342126,0.2688764614917004,0.0,0.0,0.0,0.0,0.0,0.0,0.0,0.0,0.0,0.0,0.0,0.0,0.0,0.0,0.0,0.0,0.0,0.0,0.0,0.0,0.0,0.0,0.0,0.0,0.0,0.0,0.0,0.0,0.0,0.0,0.0,0.0,0.0,0.0,0.0,0.0,0.0,0.0,0.0,0.0,0.0,0.0,0.0,0.0,0.0,0.0,0.0,0.0,0.0,0.0,0.0,0.0,0.0,0.0,0.0,0.0,0.0,0.0,0.0,0.0,0.0,0.0,0.0,0.0,0.0,0.0,0.0,0.0,0.0,0.0,0.0,0.0,0.0,0.0,0.0,0.0,0.0,0.0,0.0,0.0,0.0,0.0,0.0,0.0,0.0,0.0,0.0,0.0,0.0,0.0,0.0,0.0,0.0,0.0,0.0,0.0,0.0,0.0,0.0,0.0,0.0,0.0,0.0,0.0,0.0,0.0,0.0,0.0,0.0,0.0,0.0,0.0,0.0,0.0,0.0,0.0,0.0,0.0,0.0,0.0,0.0,0.0,0.0,0.0,0.0,0.0,0.0,0.0,0.0,0.0,0.0,0.0,0.0,0.0,0.0,0.0,0.0,0.0,0.0,0.0,0.0,0.0,0.0,0.0,0.0,0.0,0.0,0.0,0.0,0.0,0.0,0.0,0.0,0.0,0.0
cat,0.0,1.0,0.5508013559945057,0.5602114453424601,0.5076000230139802,0.0,0.15551012636377876,0.18612050943623257,0.18261036780745646,0.18984117402157125,0.0,0.0,0.0,0.0,0.18794970840966013,0.09193280133230029,0.09193280133230029,0.21579001491716873,0.11927200803671593,0.0,0.0,0.0,0.0,0.0,0.0,0.0,0.0,0.0,0.0,0.0,0.0,0.0,0.0,0.0,0.0,0.0,0.0,0.0,0.0,0.08632373719575619,0.07089983971258237,0.07028399146372637,0.0,0.0,0.0,0.0,0.0,0.0,0.0,0.0,0.0,0.0,0.0,0.1922330085699346,0.10940667740212273,0.10448602436919095,0.08793619452956115,0.0,0.2368983363004324,0.0,0.0,0.0,0.0,0.0,0.0,0.0,0.0,0.0,0.0,0.0,0.0,0.0,0.18794970840966013,0.09310937744782587,0.21579001491716873,0.11927200803671593,0.0,0.0,0.0,0.0,0.0,0.0,0.0,0.0,0.0,0.0,0.0,0.0,0.0,0.0,0.0,0.0,0.0,0.0,0.0,0.0,0.0,0.0,0.0,0.0,0.0,0.2336037832887818,0.12269904433441489,0.21949568544393408,0.10105613571959719,0.22082410011130607,0.10823672585101114,0.0,0.0,0.0,0.0,0.0,0.0,0.2336037832887818,0.1287412493769006,0.09927248860209228,0.1031323495075092,0.13016855496249555,0.0,0.0,0.0,0.0,0.0,0.1992392481217261,0.12356769184083209,0.12198680552445725,0.20069235198713697,0.10592427642168196,0.1328159054504116,0.1992392481217261,0.10648728149582005,0.20376382915643668,0.12420301138941314,0.12605034211228014,0.11129417326115627,0.10648728149582005,0.0,0.0,0.13089843851846084,0.0,0.0,0.0,0.0,0.0,0.0,0.0,0.0,0.0,0.0,0.0,0.0,0.0,0.0,0.0,0.0,0.0,0.0,0.0,0.0,0.13471655539882488,0.0,0.0,0.0,0.0,0.0,0.0,0.0,0.0,0.0,0.0,0.0,0.0,0.0,0.0,0.0,0.0,0.0
cat -b,0.0,0.5508013559945057,1.0000000000000002,0.5383328196180549,0.4342550555848582,0.0,0.08565518847204628,0.10251542897586512,0.10058203820700248,0.1045647760746704,0.0,0.0,0.0,0.0,0.10352295425081277,0.050636711634204516,0.050636711634204516,0.11885743282645118,0.06569518375881074,0.0,0.0,0.0,0.0,0.0,0.0,0.0,0.0,0.0,0.0,0.0,0.12302084461820234,0.2537678723411373,0.346046527882757,0.0,0.0,0.0,0.0,0.0,0.0,0.04754723150193587,0.03905172785348349,0.038712517802926755,0.0,0.0,0.0,0.0,0.0,0.0,0.0,0.0,0.0,0.0,0.0,0.10588220178722345,0.06026134626794266,0.057551043905025356,0.04843537518787893,0.0,0.13048392486712063,0.0,0.0,0.0,0.0,0.0,0.0,0.0,0.0,0.0,0.2611892610389867,0.17661450434589324,0.3114612270541403,0.17121840493435822,0.10352295425081277,0.051284771354066755,0.11885743282645118,0.06569518375881074,0.0,0.0,0.0,0.0,0.0,0.15232894025412524,0.0,0.22777099589121824,0.0,0.0,0.0,0.0,0.0,0.0,0.0,0.0,0.0,0.2017469989092569,0.0,0.0,0.0,0.0,0.0,0.0,0.0,0.1286692806009077,0.06758279999862571,0.12089852117746241,0.05566185658591895,0.1216302137775739,0.05961693536714252,0.0,0.0,0.0,0.0,0.0,0.0,0.1286692806009077,0.07091085472922368,0.054679421334981555,0.27684650965338065,0.07169701658118792,0.0,0.0,0.0,0.0,0.0,0.10974124803277255,0.06806125222304155,0.06719049789630913,0.11054161961224171,0.05834323508579929,0.0731551808197248,0.10974124803277255,0.05865333904406634,0.11223339340199814,0.06841118709188981,0.06942869935901527,0.06130098154653235,0.05865333904406634,0.0,0.0,0.07209903743353167,0.0,0.0,0.0,0.0,0.0,0.0,0.0,0.0,0.0,0.0,0.0,0.0,0.27448579946513524,0.0,0.0,0.0,0.0,0.0,0.0,0.0,0.07420206138858172,0.0,0.0,0.0,0.0,0.0,0.0,0.0,0.0,0.0,0.0,0.0,0.0,0.0,0.0,0.0,0.0,0.0
cat -n,0.0,0.5602114453424601,0.5383328196180549,1.0,0.2843633425485279,0.0,0.08711855265564113,0.10426683959914686,0.10230041808393346,0.10635119848413395,0.0,0.0,0.0,0.0,0.10529157779986965,0.051501807508749206,0.051501807508749206,0.2948322435646126,0.25910331694638866,0.2656515127316415,0.14068200742293255,0.14485260846620823,0.0,0.0,0.0,0.0,0.0,0.0,0.0,0.0,0.0,0.0,0.0,0.0,0.0,0.0,0.0,0.0,0.0,0.048359545581797274,0.03971890167993453,0.03937389644233129,0.0,0.0,0.0,0.0,0.2689176077409075,0.0,0.0,0.0,0.0,0.0,0.0,0.10769113157349261,0.061290872877559466,0.05853426672995198,0.049262862635321196,0.0,0.13271315937808945,0.0,0.0,0.0,0.0,0.0,0.0,0.0,0.0,0.0,0.0,0.0,0.0,0.0,0.10529157779986965,0.052160938914983204,0.2948322435646126,0.25910331694638866,0.0,0.0,0.0,0.0,0.0,0.0,0.0,0.680200619011055,0.0,0.0,0.0,0.0,0.0,0.0,0.0,0.0,0.0,0.20519371752161397,0.0,0.0,0.0,0.0,0.0,0.0,0.0,0.1308675130736753,0.06873740896872117,0.12296399518898032,0.05661280385219936,0.12370818828980291,0.06063545262813058,0.0,0.0,0.0,0.0,0.0,0.0,0.1308675130736753,0.07212232138862759,0.05561358432252103,0.2815762554376914,0.07292191431367911,0.0,0.0,0.0,0.0,0.0,0.11161610715921724,0.06922403524378427,0.06833840463556581,0.11243015257589178,0.059339991991044734,0.07440499035684263,0.11161610715921724,0.05965539387736278,0.11415082924024153,0.06957994852634919,0.07061484434063205,0.062348269660826544,0.05965539387736278,0.0,0.0,0.07333080343549811,0.0,0.0,0.0,0.0,0.0,0.0,0.0,0.0,0.0,0.0,0.0,0.0,0.0,0.0,0.0,0.0,0.0,0.0,0.0,0.23035242316245028,0.0754697562115333,0.0,0.0,0.0,0.0,0.0,0.0,0.0,0.0,0.0,0.0,0.0,0.0,0.0,0.0,0.0,0.0,0.0
cat -s,0.0,0.5076000230139802,0.4342550555848582,0.2843633425485279,1.0,0.0,0.07893694372116107,0.09447477487320538,0.0926930269016563,0.0963633843023506,0.0,0.0,0.0,0.0,0.09540327631421436,0.0466650920720153,0.0466650920720153,0.10953501653814199,0.060542474024360644,0.0,0.0,0.0,0.0,0.0,0.0,0.0,0.0,0.0,0.0,0.0,0.1133718769567112,0.23386394466656862,0.31890485309362154,0.0,0.0,0.0,0.0,0.0,0.0,0.043817930987218624,0.03598876026979433,0.035676155684501894,0.0,0.0,0.0,0.0,0.0,0.0,0.0,0.0,0.0,0.0,0.0,0.09757747957414546,0.05553483196720061,0.053037108374440624,0.04463641436696708,0.0,0.12024960095807312,0.0,0.0,0.0,0.0,0.0,0.0,0.0,0.0,0.0,0.2407032471352823,0.1627619930395966,0.28703220190006423,0.1577891291283679,0.09540327631421436,0.04726232213533379,0.10953501653814199,0.060542474024360644,0.0,0.0,0.0,0.0,0.0,0.1403812331563332,0.0,0.0,0.0,0.0,0.0,0.0,0.0,0.0,0.0,0.0,0.0,0.0,0.0,0.0,0.0,0.0,0.0,0.0,0.0,0.1185772857735385,0.06228203772794238,0.11141601498281031,0.05129609681697144,0.11209031829854045,0.054940964532931125,0.0,0.0,0.0,0.0,0.0,0.0,0.1185772857735385,0.06534906114656332,0.050390717499077135,0.05234998298349752,0.0660735614946593,0.0,0.0,0.0,0.0,0.0,0.1011338469318763,0.06272296322219079,0.06192050529161643,0.10187144248740056,0.05376716514938497,0.06741735666325156,0.1011338469318763,0.054052946537974454,0.103430524369224,0.06304545143967176,0.06398315655711348,0.05649292490868483,0.054052946537974454,0.0,0.0,0.06644405040446479,0.0,0.0,0.0,0.0,0.0,0.0,0.0,0.0,0.0,0.0,0.0,0.0,0.0,0.0,0.0,0.0,0.0,0.0,0.0,0.0,0.06838212662080766,0.0,0.0,0.0,0.0,0.0,0.0,0.0,0.0,0.0,0.0,0.0,0.0,0.0,0.0,0.0,0.0,0.0
cd,0.0,0.0,0.0,0.0,0.0,1.0,0.0,0.0,0.0,0.0,0.0,0.0,0.0,0.0,0.0,0.0,0.0,0.0,0.0,0.0,0.0,0.0,0.0,0.0,0.0,0.0,0.0,0.0,0.0,0.0,0.0,0.0,0.0,0.0,0.0,0.4093169533912297,0.25034487776373787,0.24064404641048762,0.23649538773157963,0.20662325007000185,0.16970483191239957,0.16823074644225838,0.0,0.0,0.0,0.0,0.0,0.0,0.0,0.0,0.0,0.0,0.0,0.0,0.0,0.0,0.0,0.0,0.0,0.0,0.0,0.0,0.0,0.0,0.0,0.0,0.0,0.0,0.0,0.0,0.0,0.0,0.0,0.0,0.0,0.0,0.0,0.0,0.0,0.0,0.0,0.0,0.0,0.0,0.0,0.0,0.0,0.0,0.0,0.0,0.0,0.0,0.0,0.0,0.0,0.0,0.0,0.0,0.0,0.0,0.0,0.0,0.0,0.0,0.0,0.0,0.0,0.0,0.0,0.0,0.0,0.0,0.0,0.0,0.0,0.0,0.0,0.0,0.0,0.0,0.0,0.0,0.0,0.0,0.0,0.0,0.0,0.0,0.0,0.0,0.0,0.0,0.0,0.0,0.0,0.0,0.0,0.0,0.0,0.0,0.0,0.0,0.0,0.0,0.0,0.0,0.0,0.0,0.0,0.0,0.0,0.0,0.0,0.0,0.0,0.0,0.0,0.0,0.0,0.0,0.0,0.0,0.0,0.0,0.0,0.0,0.0,0.0,0.0,0.0,0.0,0.0,0.0,0.0,0.0,0.0,0.0
chattr,0.0,0.15551012636377876,0.08565518847204628,0.08711855265564113,0.07893694372116107,0.0,1.0,0.6737019185292723,0.6609962303878688,0.6871696383251146,0.0,0.0,0.0,0.0,0.1520450786379302,0.07437058629273395,0.07437058629273395,0.17456696296568827,0.09648709750439942,0.0,0.0,0.0,0.0,0.0,0.0,0.0,0.0,0.0,0.0,0.0,0.0,0.0,0.0,0.0,0.3696022673293875,0.0,0.0,0.0,0.0,0.06983303949395313,0.057355618137059965,0.05685741733526754,0.0,0.0,0.0,0.0,0.0,0.0,0.0,0.0,0.0,0.0,0.0,0.15551012636377876,0.08850637231563499,0.08452572726078142,0.07113746398172255,0.0,0.19164289466991682,0.0,0.0,0.0,0.0,0.0,0.0,0.0,0.0,0.0,0.0,0.0,0.0,0.0,0.1520450786379302,0.07532239733581723,0.17456696296568827,0.09648709750439942,0.0,0.0,0.0,0.0,0.0,0.0,0.0,0.0,0.0,0.0,0.0,0.0,0.0,0.0,0.0,0.0,0.0,0.0,0.0,0.0,0.0,0.0,0.0,0.0,0.0,0.1889777105843878,0.09925945617304366,0.17756472748160992,0.0817510611340846,0.17863937087570403,0.08755992032538445,0.0,0.0,0.0,0.0,0.0,0.0,0.1889777105843878,0.10414739959474263,0.08030814979073606,0.08343064920752911,0.10530204246084983,0.0,0.0,0.0,0.0,0.0,0.16117794172046152,0.09996216318727309,0.09868327860519685,0.16235345453904973,0.08568922545544487,0.10744366117642679,0.16117794172046152,0.08614467788202858,0.16483817766893555,0.10047611562455848,0.1019705448918621,0.09003329384556896,0.08614467788202858,0.0,0.0,0.10589249404283041,0.0,0.0,0.0,0.0,0.0,0.0,0.0,0.0,0.0,0.0,0.0,0.0,0.0,0.0,0.0,0.0,0.0,0.0,0.0,0.0,0.10898122392826569,0.0,0.0,0.0,0.0,0.0,0.0,0.0,0.0,0.3696022673293875,0.3696022673293875,0.3696022673293875,0.3589112279507465,0.3589112279507465,0.3589112279507465,0.0,0.0,0.0
chattr +a,0.0,0.18612050943623257,0.10251542897586512,0.10426683959914686,0.09447477487320538,0.0,0.6737019185292723,1.0000000000000002,0.4839547965006608,0.7417595412181411,0.0,0.0,0.0,0.0,0.1819734068453237,0.08900958240812655,0.08900958240812655,0.2089284655451061,0.11547947494771682,0.0,0.0,0.0,0.0,0.0,0.0,0.0,0.0,0.0,0.0,0.0,0.0,0.0,0.0,0.0,0.2211771152549036,0.0,0.0,0.0,0.0,0.08357887161438533,0.0686454131078762,0.06804914719774352,0.0,0.0,0.0,0.0,0.0,0.0,0.0,0.0,0.0,0.0,0.0,0.18612050943623257,0.10592783562663026,0.10116364629171161,0.08514005708739315,0.0,0.22936559836856443,0.0,0.0,0.0,0.0,0.0,0.0,0.0,0.0,0.0,0.0,0.0,0.0,0.0,0.1819734068453237,0.09014874652796842,0.2089284655451061,0.11547947494771682,0.0,0.0,0.0,0.0,0.0,0.0,0.0,0.0,0.0,0.0,0.0,0.0,0.0,0.0,0.0,0.0,0.0,0.0,0.0,0.0,0.0,0.0,0.0,0.0,0.0,0.2261758033929008,0.118797540592786,0.21251630559076345,0.0978428189919625,0.2138024801997609,0.10479508542764775,0.0,0.0,0.0,0.0,0.0,0.0,0.2261758033929008,0.12464761956200991,0.09611588711572487,0.0998530146954966,0.12602954062066862,0.0,0.0,0.0,0.0,0.0,0.1929039691776813,0.1196385674154821,0.11810794908539748,0.19431086819937368,0.10255616574869107,0.12859271239399048,0.1929039691776813,0.1031012687567192,0.19728468055202095,0.12025368548972107,0.12204227600180331,0.10775531413022084,0.1031012687567192,0.0,0.0,0.12673621581800323,0.0,0.0,0.0,0.0,0.0,0.0,0.0,0.0,0.0,0.0,0.0,0.0,0.0,0.0,0.0,0.0,0.0,0.0,0.0,0.0,0.1304329267218536,0.0,0.0,0.0,0.0,0.0,0.0,0.0,0.0,0.2211771152549036,0.2211771152549036,0.2211771152549036,0.2147793913828878,0.2147793913828878,0.2147793913828878,0.0,0.0,0.0
chattr +i,0.0,0.18261036780745646,0.10058203820700248,0.10230041808393346,0.0926930269016563,0.0,0.6609962303878688,0.4839547965006608,1.0,0.4936293534729096,0.0,0.0,0.0,0.0,0.17854147753977437,0.08733090528910767,0.08733090528910767,0.20498817703758163,0.11330158862282436,0.0,0.0,0.0,0.0,0.0,0.0,0.0,0.0,0.0,0.0,0.0,0.0,0.0,0.0,0.0,0.2170058232143838,0.0,0.0,0.0,0.0,0.08200261504046756,0.06735079424558985,0.06676577361841561,0.0,0.0,0.0,0.0,0.0,0.0,0.0,0.0,0.0,0.0,0.0,0.18261036780745646,0.10393008854004936,0.09925574948204281,0.08353435732026876,0.0,0.22503987554800403,0.0,0.0,0.0,0.0,0.0,0.0,0.0,0.0,0.0,0.0,0.0,0.0,0.0,0.17854147753977437,0.08844858533171819,0.20498817703758163,0.11330158862282436,0.0,0.0,0.0,0.0,0.0,0.0,0.0,0.0,0.0,0.0,0.0,0.0,0.0,0.0,0.0,0.0,0.0,0.0,0.0,0.0,0.0,0.0,0.0,0.0,0.0,0.22191023854292222,0.11655707717532568,0.20850835217763666,0.09599755135831592,0.20977027016359676,0.10281870145489291,0.0,0.0,0.0,0.0,0.0,0.0,0.22191023854292222,0.12229682652110453,0.09430318857125178,0.09796983575566277,0.12365268522559082,0.0,0.0,0.0,0.0,0.0,0.18926589482135298,0.11738224264415913,0.11588049102594025,0.19064626041672667,0.1006220067042496,0.1261675168349485,0.18926589482135298,0.10115682933658864,0.19356398812525374,0.11798575989286018,0.11974061846410307,0.1057231016943317,0.10115682933658864,0.0,0.0,0.12434603287489915,0.0,0.0,0.0,0.0,0.0,0.0,0.0,0.0,0.0,0.0,0.0,0.0,0.0,0.0,0.0,0.0,0.0,0.0,0.0,0.0,0.1279730256220968,0.0,0.0,0.0,0.0,0.0,0.0,0.0,0.0,0.2170058232143838,0.2170058232143838,0.2170058232143838,0.2107287572803921,0.2107287572803921,0.2107287572803921,0.0,0.0,0.0
chattr -i,0.0,0.18984117402157125,0.1045647760746704,0.10635119848413395,0.0963633843023506,0.0,0.6871696383251146,0.7417595412181411,0.4936293534729096,1.0000000000000002,0.0,0.0,0.0,0.0,0.18561116827405436,0.09078893924539744,0.09078893924539744,0.21310507533935966,0.11778798137762578,0.0,0.0,0.0,0.0,0.0,0.0,0.0,0.0,0.0,0.0,0.0,0.0,0.0,0.0,0.0,0.22559858316464107,0.0,0.0,0.0,0.0,0.08524966516980892,0.07001767755240225,0.06940949191637803,0.0,0.0,0.0,0.0,0.0,0.0,0.0,0.0,0.0,0.0,0.0,0.18984117402157125,0.10804539885387154,0.10318597041505202,0.08684205971009341,0.0,0.23395075914171026,0.0,0.0,0.0,0.0,0.0,0.0,0.0,0.0,0.0,0.0,0.0,0.0,0.0,0.18561116827405436,0.09195087596354361,0.21310507533935966,0.11778798137762578,0.0,0.0,0.0,0.0,0.0,0.0,0.0,0.0,0.0,0.0,0.0,0.0,0.0,0.0,0.0,0.0,0.0,0.0,0.0,0.0,0.0,0.0,0.0,0.2659792771344879,0.0,0.23069719818326273,0.12117237721583075,0.2167646385359807,0.09979875771497478,0.21807652457427068,0.10689000427484646,0.0,0.0,0.0,0.0,0.0,0.0,0.23069719818326273,0.12713940289720455,0.09803730339791279,0.10184913847917947,0.12854894941615377,0.0,0.0,0.0,0.0,0.0,0.19676023933654074,0.12203021668708451,0.12046900034589589,0.19819526314351885,0.10460632720088725,0.13116336058524147,0.19676023933654074,0.10516232715661596,0.20122852385216647,0.12265763135368483,0.12448197690101889,0.10990940978781799,0.10516232715661596,0.0,0.0,0.12926975148960768,0.0,0.0,0.0,0.0,0.0,0.0,0.0,0.0,0.0,0.0,0.0,0.0,0.0,0.0,0.0,0.0,0.0,0.0,0.0,0.0,0.13304036194049804,0.0,0.0,0.0,0.0,0.0,0.0,0.0,0.0,0.22559858316464107,0.22559858316464107,0.22559858316464107,0.21907296481871966,0.21907296481871966,0.21907296481871966,0.0,0.0,0.0
crontab,0.0,0.0,0.0,0.0,0.0,0.0,0.0,0.0,0.0,0.0,1.0000000000000002,0.623704996038477,0.6696684620788604,0.6623703824828368,0.0,0.0,0.0,0.0,0.0,0.0,0.0,0.0,0.0,0.0,0.0,0.0,0.0,0.0,0.0,0.0,0.0,0.0,0.0,0.0,0.0,0.0,0.0,0.0,0.0,0.0,0.0,0.0,0.0,0.0,0.0,0.0,0.0,0.0,0.0,0.0,0.0,0.0,0.0,0.0,0.0,0.0,0.0,0.0,0.0,0.0,0.0,0.0,0.0,0.0,0.0,0.0,0.0,0.0,0.0,0.0,0.0,0.0,0.0,0.0,0.0,0.0,0.0,0.0,0.0,0.0,0.0,0.0,0.0,0.0,0.0,0.0,0.0,0.0,0.0,0.0,0.0,0.0,0.0,0.0,0.0,0.0,0.0,0.0,0.0,0.0,0.0,0.0,0.0,0.0,0.0,0.0,0.0,0.0,0.0,0.0,0.0,0.0,0.0,0.0,0.0,0.0,0.0,0.0,0.0,0.0,0.0,0.0,0.0,0.0,0.0,0.0,0.0,0.0,0.0,0.0,0.0,0.0,0.0,0.0,0.0,0.0,0.0,0.0,0.0,0.0,0.0,0.0,0.0,0.0,0.0,0.0,0.0,0.0,0.0,0.0,0.0,0.0,0.0,0.0,0.0,0.0,0.0,0.0,0.0,0.0,0.0,0.0,0.0,0.0,0.0,0.0,0.0,0.0,0.0,0.0,0.0,0.0,0.0,0.0,0.0,0.0,0.0
crontab -e,0.0,0.0,0.0,0.0,0.0,0.0,0.0,0.0,0.0,0.0,0.623704996038477,1.0000000000000002,0.7727681199609315,0.7643464552595103,0.0,0.0,0.0,0.0,0.0,0.0,0.0,0.0,0.0,0.0,0.0,0.0,0.0,0.0,0.0,0.0,0.0,0.0,0.0,0.0,0.0,0.0,0.0,0.0,0.0,0.0,0.0,0.0,0.0,0.24622402278894637,0.0,0.0,0.0,0.13687171161218342,0.0,0.0,0.0,0.13771264852966858,0.0,0.0,0.0,0.0,0.0,0.0,0.0,0.0,0.24622402278894637,0.24622402278894637,0.0,0.0,0.0,0.0,0.0,0.18531403301138974,0.0,0.0,0.0,0.0,0.0,0.0,0.0,0.0,0.0,0.0,0.0,0.0,0.0,0.0,0.0,0.0,0.0,0.0,0.0,0.0,0.0,0.0,0.0,0.0,0.0,0.0,0.0,0.0,0.0,0.0,0.0,0.0,0.0,0.0,0.0,0.0,0.0,0.0,0.0,0.0,0.0,0.0,0.0,0.0,0.0,0.0,0.0,0.0,0.0,0.0,0.0,0.0,0.0,0.0,0.0,0.0,0.0,0.0,0.0,0.0,0.0,0.0,0.0,0.0,0.0,0.0,0.0,0.0,0.0,0.0,0.0,0.0,0.0,0.0,0.0,0.11278370843601385,0.0,0.0,0.0,0.12759284595638612,0.1124689508321768,0.1073070087486007,0.0,0.0,0.0,0.0,0.0,0.0,0.0,0.0,0.0,0.0,0.0,0.0,0.0,0.0,0.0,0.0,0.0,0.0,0.0,0.0,0.0,0.0,0.0,0.0,0.0,0.0,0.0
crontab -l,0.0,0.0,0.0,0.0,0.0,0.0,0.0,0.0,0.0,0.0,0.6696684620788604,0.7727681199609315,1.0000000000000002,0.8206743868338163,0.0,0.0,0.0,0.0,0.0,0.0,0.0,0.0,0.0,0.0,0.0,0.0,0.0,0.0,0.0,0.0,0.0,0.0,0.0,0.0,0.0,0.0,0.17584584238983017,0.0,0.0,0.0,0.0,0.0,0.0,0.26436931516542145,0.0,0.0,0.0,0.14695836845882454,0.0,0.2043736753986533,0.0,0.14786127758383477,0.2043736753986533,0.0,0.0,0.0,0.0,0.0,0.0,0.0,0.26436931516542145,0.26436931516542145,0.0,0.0,0.0,0.0,0.0,0.1989706099463612,0.0,0.0,0.0,0.0,0.0,0.0,0.0,0.0,0.0,0.0,0.0,0.0,0.0,0.0,0.1666963918283118,0.0,0.0,0.0,0.0,0.0,0.0,0.0,0.0,0.18317488746166763,0.0,0.0,0.0,0.0,0.0,0.0,0.0,0.0,0.0,0.0,0.0,0.0,0.0,0.0,0.0,0.0,0.0,0.0,0.0,0.0,0.0,0.0,0.0,0.0,0.0,0.0,0.0,0.0,0.0,0.0,0.0,0.0,0.0,0.0,0.0,0.0,0.0,0.0,0.0,0.0,0.0,0.0,0.0,0.0,0.0,0.0,0.0,0.0,0.0,0.0,0.0,0.12109521818105916,0.0,0.0,0.0,0.13699570384491017,0.1207572647546348,0.11521491726919748,0.0,0.0,0.0,0.0,0.0,0.19296001071840257,0.0,0.0,0.0,0.0,0.0,0.0,0.0,0.0,0.0,0.0,0.22513766379956204,0.0,0.0,0.0,0.0,0.0,0.0,0.0,0.0,0.0,0.0
crontab -r,0.0,0.0,0.0,0.0,0.0,0.0,0.0,0.0,0.0,0.0,0.6623703824828368,0.7643464552595103,0.8206743868338163,1.0,0.0,0.0,0.0,0.0,0.0,0.0,0.0,0.0,0.0,0.0,0.0,0.0,0.0,0.0,0.0,0.0,0.0,0.0,0.0,0.0,0.0,0.0,0.0,0.0,0.0,0.0,0.0,0.0,0.0,0.26148820546102514,0.0,0.0,0.0,0.14535680898417813,0.0,0.0,0.0,0.14624987816145982,0.0,0.0,0.2056139908245041,0.19636633673621554,0.16526333057978582,0.0,0.0,0.0,0.26148820546102514,0.26148820546102514,0.0,0.0,0.0,0.0,0.0,0.19680221852450724,0.0,0.0,0.0,0.0,0.0,0.0,0.0,0.0,0.0,0.0,0.0,0.0,0.0,0.0,0.0,0.0,0.0,0.0,0.0,0.0,0.0,0.0,0.0,0.0,0.0,0.0,0.0,0.0,0.0,0.0,0.0,0.0,0.0,0.0,0.0,0.0,0.0,0.0,0.0,0.0,0.0,0.0,0.0,0.0,0.0,0.0,0.0,0.0,0.0,0.0,0.0,0.0,0.0,0.0,0.0,0.0,0.0,0.0,0.0,0.199069322982999,0.0,0.0,0.0,0.0,0.0,0.0,0.0,0.0,0.0,0.0,0.0,0.0,0.0,0.0,0.0,0.11977551658089755,0.0,0.0,0.0,0.13550271797564922,0.1194412461874148,0.11395929947547663,0.0,0.0,0.0,0.0,0.0,0.0,0.0,0.0,0.0,0.0,0.0,0.0,0.0,0.0,0.19873580616201497,0.0,0.0,0.0,0.0,0.0,0.0,0.0,0.0,0.0,0.0,0.0,0.0
curl,0.0,0.18794970840966013,0.10352295425081277,0.10529157779986965,0.09540327631421436,0.0,0.1520450786379302,0.1819734068453237,0.17854147753977437,0.18561116827405436,0.0,0.0,0.0,0.0,1.0000000000000002,0.4891351101855458,0.4891351101855458,0.6795540918588342,0.6345953342835071,0.0,0.0,0.0,0.0,0.0,0.0,0.0,0.0,0.0,0.0,0.0,0.0,0.0,0.0,0.0,0.0,0.0,0.0,0.0,0.0,0.08440028773139659,0.06932006266459502,0.06871793663193203,0.0,0.0,0.0,0.0,0.0,0.0,0.0,0.0,0.0,0.0,0.0,0.18794970840966013,0.10696889815527125,0.1021578861984554,0.08597681659065026,0.0,0.23161981161108255,0.0,0.0,0.0,0.0,0.0,0.0,0.0,0.0,0.0,0.0,0.0,0.0,0.0,1.0000000000000002,0.49539516839729403,0.6795540918588342,0.6345953342835071,0.0,0.0,0.0,0.0,0.0,0.0,0.0,0.0,0.0,0.0,0.0,0.0,0.0,0.0,0.0,0.0,0.0,0.0,0.0,0.0,0.0,0.0,0.0,0.0,0.0,0.2283986672171705,0.11996508703866812,0.21460492338576484,0.09880442169012552,0.21590373856447465,0.1058250152471241,0.0,0.0,0.0,0.0,0.0,0.0,0.2283986672171705,0.12587266079166082,0.09706051746610762,0.10083437366838952,0.12726816341953784,0.29772097077730336,0.17977764581129627,0.13290497651768965,0.15015451798811008,0.11766263112166306,0.4708805410099862,0.29203895384014655,0.2883026990060836,0.3352676790348218,0.2503406384923714,0.3138961123513759,0.4708805410099862,0.2516712404515775,0.3403987516021788,0.29354046328454725,0.29790643082562396,0.26303181230866,0.2516712404515775,0.29772097077730336,0.17977764581129627,0.3093643854210769,0.14153923983674696,0.2906016757792575,0.14231647267228625,0.0,0.0,0.0,0.0,0.0,0.0,0.0,0.0,0.0,0.0,0.0,0.0,0.0,0.0,0.0,0.0,0.0,0.13171482615563154,0.0,0.0,0.0,0.0,0.0,0.0,0.0,0.0,0.0,0.0,0.0,0.0,0.0,0.0,0.0,0.0,0.0
curl -X,0.0,0.09193280133230029,0.050636711634204516,0.051501807508749206,0.0466650920720153,0.0,0.07437058629273395,0.08900958240812655,0.08733090528910767,0.09078893924539744,0.0,0.0,0.0,0.0,0.4891351101855458,1.0,0.239253156016226,0.3323937655984093,0.31040285875799645,0.0,0.0,0.0,0.0,0.0,0.0,0.0,0.0,0.0,0.0,0.0,0.0,0.0,0.0,0.0,0.0,0.0,0.0,0.0,0.0,0.04128314403918844,0.033906876489515625,0.03361235550618342,0.0,0.0,0.0,0.0,0.0,0.0,0.0,0.0,0.0,0.0,0.0,0.09193280133230029,0.05232224378560502,0.04996900892200392,0.04205427965647018,0.0,0.11329338207354221,0.0,0.0,0.0,0.0,0.0,0.0,0.0,0.0,0.0,0.0,0.0,0.0,0.0,0.4891351101855458,0.24231517027939736,0.3323937655984093,0.31040285875799645,0.0,0.0,0.0,0.0,0.0,0.0,0.0,0.0,0.0,0.0,0.0,0.0,0.0,0.0,0.0,0.0,0.0,0.0,0.0,0.0,0.0,0.0,0.0,0.0,0.0,0.11171780725550248,0.05867913606707752,0.10497080284665669,0.04832871169021867,0.10560609895220557,0.051762730493289104,0.0,0.0,0.0,0.0,0.0,0.0,0.11171780725550248,0.061568737805676836,0.04747570690545064,0.04932163247477819,0.062251327137327686,0.14562577984570388,0.08793555859280641,0.06500849033318748,0.07344584670097172,0.05755292403841587,0.23032420531114894,0.14284650586507158,0.1410189724451309,0.16399119312634974,0.12245039579288597,0.15353760950180467,0.23032420531114894,0.12310123992881533,0.16650098087195395,0.14358094685260317,0.1457164948668742,0.1286580944959002,0.12310123992881533,0.14562577984570388,0.08793555859280641,0.1513209827504221,0.0692318116731256,0.14214348270239133,0.06961198354177695,0.0,0.0,0.0,0.0,0.0,0.0,0.0,0.215299859677403,0.0,0.0,0.0,0.0,0.0,0.0,0.0,0.0,0.0,0.06442634600470483,0.0,0.0,0.0,0.0,0.0,0.0,0.0,0.0,0.0,0.0,0.0,0.0,0.0,0.0,0.0,0.0,0.0
curl -d,0.0,0.09193280133230029,0.050636711634204516,0.051501807508749206,0.0466650920720153,0.0,0.07437058629273395,0.08900958240812655,0.08733090528910767,0.09078893924539744,0.0,0.0,0.0,0.0,0.4891351101855458,0.239253156016226,1.0,0.3323937655984093,0.31040285875799645,0.0,0.0,0.0,0.0,0.0,0.0,0.0,0.0,0.0,0.0,0.0,0.0,0.0,0.0,0.0,0.0,0.0,0.0,0.0,0.0,0.04128314403918844,0.033906876489515625,0.03361235550618342,0.0,0.0,0.0,0.0,0.0,0.0,0.0,0.0,0.0,0.0,0.0,0.09193280133230029,0.05232224378560502,0.04996900892200392,0.04205427965647018,0.0,0.11329338207354221,0.0,0.0,0.0,0.0,0.0,0.0,0.0,0.0,0.0,0.0,0.0,0.0,0.0,0.4891351101855458,0.24231517027939736,0.3323937655984093,0.31040285875799645,0.0,0.0,0.0,0.0,0.0,0.0,0.0,0.0,0.0,0.0,0.0,0.0,0.0,0.0,0.0,0.0,0.0,0.0,0.0,0.0,0.0,0.0,0.0,0.0,0.0,0.11171780725550248,0.05867913606707752,0.10497080284665669,0.04832871169021867,0.10560609895220557,0.051762730493289104,0.0,0.0,0.0,0.0,0.0,0.0,0.11171780725550248,0.061568737805676836,0.04747570690545064,0.04932163247477819,0.062251327137327686,0.14562577984570388,0.08793555859280641,0.06500849033318748,0.07344584670097172,0.05755292403841587,0.23032420531114894,0.14284650586507158,0.1410189724451309,0.4132169227913226,0.12245039579288597,0.15353760950180467,0.23032420531114894,0.12310123992881533,0.16650098087195395,0.14358094685260317,0.1457164948668742,0.1286580944959002,0.12310123992881533,0.14562577984570388,0.08793555859280641,0.1513209827504221,0.0692318116731256,0.14214348270239133,0.06961198354177695,0.0,0.0,0.0,0.0,0.0,0.0,0.0,0.0,0.0,0.0,0.0,0.0,0.0,0.0,0.0,0.0,0.0,0.06442634600470483,0.0,0.0,0.0,0.0,0.0,0.0,0.0,0.0,0.0,0.0,0.0,0.0,0.0,0.0,0.0,0.0,0.0
curl -o,0.0,0.21579001491716873,0.11885743282645118,0.2948322435646126,0.10953501653814199,0.0,0.17456696296568827,0.2089284655451061,0.20498817703758163,0.21310507533935966,0.0,0.0,0.0,0.0,0.6795540918588342,0.3323937655984093,0.3323937655984093,1.0,0.6238916555819249,0.26615443192742655,0.1409483401131064,0.14512683674598764,0.0,0.0,0.0,0.0,0.0,0.0,0.0,0.0,0.0,0.0,0.0,0.0,0.0,0.0,0.0,0.0,0.0,0.09690219528765875,0.07958819134663365,0.0788968745754091,0.0,0.0,0.0,0.0,0.0,0.0,0.0,0.0,0.0,0.0,0.0,0.21579001491716873,0.12281381186443324,0.11729016220989294,0.09871224963110146,0.0,0.26592881162511245,0.0,0.0,0.0,0.0,0.0,0.0,0.0,0.0,0.0,0.0,0.0,0.0,0.0,0.6795540918588342,0.3366478137714773,1.0,0.6238916555819249,0.0,0.0,0.0,0.0,0.0,0.0,0.0,0.1724326931361435,0.0,0.0,0.0,0.0,0.0,0.0,0.0,0.0,0.0,0.0,0.0,0.0,0.0,0.0,0.0,0.0,0.0,0.2622305308313077,0.13773507892435283,0.24639356991059772,0.11343996120452916,0.2478847738563764,0.1215004897427806,0.0,0.0,0.0,0.0,0.0,0.0,0.2622305308313077,0.14451772008442312,0.11143773879248528,0.1157706025839558,0.14611993343944557,0.1709106475045912,0.10320372720886642,0.07629585357697781,0.08619818022252698,0.06754578429458205,0.38214259482249563,0.23700389778339526,0.23397174420545275,0.30510783043621625,0.20316367496903276,0.25474205118215854,0.38214259482249563,0.20424352355287162,0.3097773244457312,0.2382224461523787,0.2417656423980321,0.21346318338171316,0.20424352355287162,0.1709106475045912,0.10320372720886642,0.25106433308309034,0.0812524662426306,0.16682372237225862,0.08169864699649901,0.0,0.0,0.0,0.0,0.0,0.0,0.0,0.0,0.0,0.0,0.0,0.0,0.0,0.0,0.0,0.0,0.23078851574936143,0.1512252641487746,0.0,0.0,0.0,0.0,0.0,0.0,0.0,0.0,0.0,0.0,0.0,0.0,0.0,0.0,0.0,0.0,0.0
curl -s,0.0,0.11927200803671593,0.06569518375881074,0.25910331694638866,0.060542474024360644,0.0,0.09648709750439942,0.11547947494771682,0.11330158862282436,0.11778798137762578,0.0,0.0,0.0,0.0,0.6345953342835071,0.31040285875799645,0.31040285875799645,0.6238916555819249,1.0000000000000002,0.29421911441120996,0.15581065288109086,0.160429751537437,0.0,0.0,0.0,0.0,0.0,0.0,0.0,0.0,0.0,0.0,0.0,0.0,0.0,0.0,0.0,0.0,0.0,0.0535600288065298,0.04399018833919233,0.04360808196821375,0.0,0.0,0.0,0.0,0.0,0.0,0.0,0.0,0.0,0.0,0.0,0.11927200803671593,0.06788196368278278,0.06482891794180527,0.054560486664975476,0.0,0.14698485177601786,0.0,0.0,0.0,0.0,0.0,0.0,0.0,0.0,0.0,0.0,0.0,0.0,0.0,0.6345953342835071,0.31437546249151505,0.6238916555819249,1.0000000000000002,0.0,0.0,0.0,0.0,0.0,0.0,0.0,0.1906148768692668,0.0,0.0,0.0,0.0,0.0,0.0,0.0,0.0,0.0,0.0,0.0,0.0,0.0,0.0,0.0,0.0,0.0,0.14494072857258777,0.0761292845116536,0.13618728309487585,0.06270082501113379,0.1370115051473817,0.06715606092630594,0.0,0.0,0.0,0.0,0.0,0.0,0.14494072857258777,0.07987820325223849,0.06159415152713473,0.0639890230653597,0.08076378270886962,0.18893233897363304,0.11408605524032149,0.08434087800118491,0.09528735653684359,0.07466815672932875,0.2988185943298308,0.18532655753599347,0.1829555476506029,0.2127593048515583,0.15886500116881302,0.19919700834791465,0.2988185943298308,0.15970939496391368,0.21601545956267315,0.18627940842379279,0.1890500310549933,0.16691876085921079,0.15970939496391368,0.18893233897363304,0.11408605524032149,0.19632119558170003,0.08982014121843392,0.18441446758448524,0.0903133695495191,0.0,0.0,0.0,0.0,0.0,0.0,0.0,0.0,0.0,0.0,0.0,0.0,0.0,0.0,0.0,0.0,0.2551240354268079,0.083585614134327,0.0,0.0,0.0,0.0,0.0,0.0,0.0,0.0,0.0,0.0,0.0,0.0,0.0,0.0,0.0,0.0,0.0
echo,0.49310426294369447,0.0,0.0,0.2656515127316415,0.0,0.0,0.0,0.0,0.0,0.0,0.0,0.0,0.0,0.0,0.0,0.0,0.0,0.26615443192742655,0.29421911441120996,1.0,0.5295735227566654,0.5452730420268184,0.0,0.0,0.0,0.0,0.0,0.0,0.0,0.0,0.0,0.0,0.0,0.0,0.0,0.0,0.0,0.0,0.0,0.0,0.0,0.0,0.0,0.0,0.0,0.0,0.0,0.0,0.0,0.0,0.0,0.0,0.0,0.0,0.0,0.0,0.0,0.0,0.0,0.0,0.0,0.0,0.0,0.0,0.0,0.0,0.0,0.0,0.0,0.0,0.0,0.0,0.0,0.0,0.26615443192742655,0.29421911441120996,0.0,0.0,0.0,0.0,0.0,0.0,0.0,0.26334309406515344,0.0,0.0,0.0,0.0,0.0,0.0,0.0,0.0,0.0,0.0,0.0,0.0,0.0,0.0,0.0,0.0,0.0,0.0,0.0,0.0,0.0,0.0,0.0,0.0,0.0,0.0,0.0,0.0,0.0,0.0,0.0,0.0,0.0,0.0,0.0,0.0,0.0,0.0,0.0,0.0,0.0,0.0,0.0,0.0,0.0,0.0,0.0,0.0,0.0,0.0,0.0,0.0,0.0,0.0,0.0,0.0,0.0,0.0,0.0,0.0,0.0,0.0,0.0,0.0,0.0,0.0,0.0,0.0,0.0,0.0,0.0,0.0,0.0,0.0,0.3524654211841101,0.0,0.0,0.0,0.0,0.0,0.0,0.0,0.0,0.0,0.0,0.0,0.0,0.0,0.0,0.0,0.0,0.0,0.0
echo -e,0.26113496161342126,0.0,0.0,0.14068200742293255,0.0,0.0,0.0,0.0,0.0,0.0,0.0,0.0,0.0,0.0,0.0,0.0,0.0,0.1409483401131064,0.15581065288109086,0.5295735227566654,1.0,0.28876216573038543,0.0,0.0,0.0,0.0,0.0,0.0,0.0,0.0,0.0,0.0,0.0,0.0,0.0,0.0,0.0,0.0,0.0,0.0,0.0,0.0,0.0,0.0,0.0,0.0,0.0,0.0,0.0,0.0,0.0,0.0,0.0,0.0,0.0,0.0,0.0,0.0,0.0,0.0,0.0,0.0,0.0,0.0,0.0,0.0,0.0,0.0,0.0,0.0,0.0,0.0,0.0,0.0,0.1409483401131064,0.15581065288109086,0.0,0.0,0.0,0.0,0.0,0.0,0.0,0.1394595300177232,0.0,0.0,0.0,0.0,0.0,0.0,0.0,0.0,0.0,0.0,0.0,0.0,0.0,0.0,0.0,0.0,0.0,0.0,0.0,0.0,0.0,0.0,0.0,0.0,0.0,0.0,0.0,0.0,0.0,0.0,0.0,0.0,0.0,0.0,0.0,0.0,0.0,0.0,0.0,0.0,0.0,0.0,0.0,0.0,0.0,0.0,0.0,0.0,0.0,0.0,0.0,0.0,0.0,0.0,0.0,0.0,0.0,0.0,0.0,0.0,0.0,0.0,0.0,0.0,0.0,0.0,0.0,0.0,0.0,0.0,0.0,0.0,0.0,0.0,0.186656354746381,0.0,0.0,0.0,0.0,0.0,0.0,0.0,0.0,0.0,0.0,0.0,0.0,0.0,0.0,0.0,0.0,0.0,0.0
echo -n,0.2688764614917004,0.0,0.0,0.14485260846620823,0.0,0.0,0.0,0.0,0.0,0.0,0.0,0.0,0.0,0.0,0.0,0.0,0.0,0.14512683674598764,0.160429751537437,0.5452730420268184,0.28876216573038543,1.0,0.0,0.0,0.0,0.0,0.0,0.0,0.0,0.0,0.0,0.0,0.0,0.0,0.0,0.0,0.0,0.0,0.0,0.0,0.0,0.0,0.0,0.0,0.0,0.0,0.0,0.0,0.0,0.0,0.0,0.0,0.0,0.0,0.0,0.0,0.0,0.0,0.0,0.0,0.0,0.0,0.0,0.0,0.0,0.0,0.0,0.0,0.0,0.0,0.0,0.0,0.0,0.20115416313959808,0.14512683674598764,0.160429751537437,0.0,0.0,0.0,0.0,0.0,0.0,0.0,0.1435938899976608,0.0,0.0,0.0,0.0,0.0,0.0,0.0,0.0,0.0,0.0,0.22561705696351927,0.0,0.0,0.0,0.0,0.0,0.0,0.0,0.0,0.0,0.0,0.0,0.0,0.0,0.0,0.0,0.0,0.0,0.0,0.0,0.0,0.0,0.0,0.0,0.0,0.0,0.0,0.0,0.0,0.0,0.0,0.0,0.0,0.0,0.0,0.0,0.0,0.0,0.0,0.0,0.0,0.0,0.0,0.0,0.0,0.0,0.0,0.0,0.0,0.0,0.0,0.0,0.0,0.0,0.0,0.0,0.0,0.0,0.0,0.0,0.0,0.0,0.0,0.0,0.19218989241832352,0.0,0.0,0.0,0.0,0.0,0.0,0.0,0.0,0.0,0.0,0.0,0.0,0.0,0.0,0.0,0.0,0.0,0.0
free,0.0,0.0,0.0,0.0,0.0,0.0,0.0,0.0,0.0,0.0,0.0,0.0,0.0,0.0,0.0,0.0,0.0,0.0,0.0,0.0,0.0,0.0,1.0,0.8367408652786502,0.5767364408929256,0.8367408652786502,0.0,0.0,0.0,0.0,0.0,0.0,0.0,0.31539304710187555,0.0,0.0,0.0,0.0,0.0,0.0,0.0,0.0,0.31539304710187555,0.4144753045956607,0.0,0.0,0.0,0.0,0.0,0.0,0.20726028429208523,0.0,0.0,0.0,0.0,0.0,0.0,0.0,0.0,0.0,0.4144753045956607,0.4144753045956607,0.5977461281571843,0.5977461281571843,0.31539304710187555,0.24787860089723077,0.33294885169705346,0.0,0.0,0.0,0.0,0.0,0.0,0.0,0.0,0.0,0.0,0.0,0.0,0.0,0.0,0.0,0.0,0.0,0.0,0.0,0.0,0.0,0.0,0.0,0.0,0.0,0.0,0.0,0.0,0.0,0.0,0.0,0.0,0.0,0.0,0.0,0.0,0.0,0.0,0.0,0.0,0.0,0.0,0.0,0.0,0.0,0.0,0.0,0.0,0.0,0.0,0.0,0.0,0.0,0.0,0.0,0.0,0.0,0.0,0.0,0.0,0.0,0.0,0.0,0.0,0.0,0.0,0.0,0.0,0.0,0.0,0.0,0.0,0.0,0.0,0.0,0.0,0.0,0.0,0.0,0.0,0.0,0.0,0.0,0.0,0.0,0.0,0.0,0.0,0.0,0.0,0.0,0.0,0.0,0.0,0.0,0.0,0.0,0.0,0.0,0.0,0.0,0.0,0.0,0.0,0.0,0.0,0.0,0.0,0.0,0.0
free -g,0.0,0.0,0.0,0.0,0.0,0.0,0.0,0.0,0.0,0.0,0.0,0.0,0.0,0.0,0.0,0.0,0.0,0.0,0.0,0.0,0.0,0.0,0.8367408652786502,1.0,0.4825789485904757,0.7597161983743596,0.0,0.0,0.0,0.0,0.0,0.0,0.0,0.16065156194910704,0.0,0.0,0.0,0.0,0.0,0.0,0.0,0.0,0.16065156194910704,0.21112103036030697,0.0,0.0,0.0,0.0,0.0,0.0,0.10557204322511352,0.0,0.0,0.0,0.0,0.0,0.0,0.0,0.0,0.0,0.21112103036030697,0.21112103036030697,0.3044735767636132,0.3044735767636132,0.16065156194910704,0.1262617701113635,0.16959395131185553,0.0,0.0,0.0,0.0,0.0,0.0,0.0,0.0,0.0,0.0,0.0,0.0,0.0,0.0,0.0,0.0,0.0,0.0,0.0,0.0,0.0,0.0,0.0,0.0,0.0,0.0,0.0,0.0,0.0,0.0,0.0,0.0,0.0,0.0,0.0,0.0,0.0,0.0,0.0,0.0,0.0,0.0,0.0,0.0,0.0,0.0,0.0,0.0,0.0,0.0,0.0,0.0,0.0,0.0,0.0,0.0,0.0,0.0,0.0,0.0,0.0,0.0,0.0,0.0,0.0,0.0,0.0,0.0,0.0,0.0,0.0,0.0,0.0,0.0,0.0,0.0,0.0,0.0,0.0,0.0,0.0,0.0,0.0,0.0,0.0,0.0,0.0,0.0,0.0,0.0,0.0,0.0,0.0,0.0,0.0,0.0,0.0,0.0,0.0,0.0,0.0,0.0,0.0,0.0,0.0,0.0,0.0,0.0,0.0,0.0
free -h,0.0,0.0,0.0,0.0,0.0,0.0,0.0,0.0,0.0,0.0,0.0,0.0,0.0,0.0,0.0,0.0,0.0,0.0,0.0,0.0,0.0,0.0,0.5767364408929256,0.4825789485904757,1.0,0.4825789485904757,0.0,0.0,0.0,0.0,0.0,0.0,0.0,0.18189866346791053,0.0,0.0,0.0,0.0,0.6667720657245265,0.0,0.0,0.4743076108147931,0.18189866346791053,0.2390430120105126,0.0,0.0,0.0,0.0,0.0,0.0,0.11953455870107316,0.0,0.0,0.0,0.0,0.0,0.0,0.0,0.0,0.0,0.2390430120105126,0.2390430120105126,0.34474197451090105,0.34474197451090105,0.18189866346791053,0.14296062205498683,0.19202373572714512,0.0,0.0,0.0,0.0,0.0,0.0,0.0,0.0,0.0,0.0,0.0,0.0,0.0,0.0,0.0,0.0,0.0,0.0,0.0,0.0,0.0,0.0,0.0,0.0,0.0,0.0,0.0,0.0,0.0,0.24540546124143453,0.24540546124143453,0.0,0.0,0.0,0.0,0.0,0.0,0.0,0.0,0.0,0.0,0.0,0.0,0.0,0.0,0.0,0.0,0.0,0.0,0.0,0.0,0.0,0.0,0.0,0.0,0.0,0.0,0.0,0.0,0.0,0.0,0.0,0.0,0.0,0.0,0.0,0.0,0.0,0.0,0.0,0.0,0.0,0.0,0.0,0.0,0.0,0.0,0.0,0.0,0.0,0.0,0.0,0.0,0.0,0.0,0.0,0.0,0.0,0.0,0.0,0.0,0.0,0.0,0.0,0.0,0.0,0.0,0.0,0.0,0.0,0.0,0.0,0.0,0.0,0.0,0.0,0.0,0.0,0.0,0.0
free -m,0.0,0.0,0.0,0.0,0.0,0.0,0.0,0.0,0.0,0.0,0.0,0.0,0.0,0.0,0.0,0.0,0.0,0.0,0.0,0.0,0.0,0.0,0.8367408652786502,0.7597161983743596,0.4825789485904757,1.0,0.0,0.0,0.0,0.0,0.0,0.0,0.0,0.16065156194910704,0.0,0.0,0.0,0.0,0.0,0.0,0.0,0.0,0.16065156194910704,0.21112103036030697,0.0,0.0,0.0,0.0,0.0,0.0,0.10557204322511352,0.0,0.0,0.0,0.0,0.0,0.0,0.0,0.0,0.0,0.21112103036030697,0.21112103036030697,0.3044735767636132,0.3044735767636132,0.16065156194910704,0.1262617701113635,0.16959395131185553,0.0,0.0,0.0,0.0,0.0,0.0,0.0,0.0,0.0,0.0,0.0,0.0,0.0,0.0,0.0,0.0,0.0,0.0,0.0,0.0,0.0,0.0,0.0,0.0,0.0,0.0,0.0,0.0,0.0,0.0,0.0,0.0,0.0,0.0,0.0,0.0,0.0,0.0,0.0,0.0,0.0,0.0,0.0,0.0,0.0,0.0,0.0,0.0,0.0,0.0,0.0,0.0,0.0,0.0,0.0,0.0,0.0,0.0,0.0,0.0,0.0,0.0,0.0,0.0,0.0,0.0,0.0,0.0,0.0,0.0,0.0,0.0,0.0,0.0,0.0,0.0,0.0,0.0,0.0,0.0,0.0,0.0,0.0,0.0,0.0,0.0,0.0,0.0,0.0,0.0,0.0,0.0,0.0,0.0,0.0,0.0,0.0,0.0,0.0,0.0,0.0,0.0,0.0,0.0,0.0,0.0,0.0,0.0,0.0,0.0
grep,0.0,0.0,0.0,0.0,0.0,0.0,0.0,0.0,0.0,0.0,0.0,0.0,0.0,0.0,0.0,0.0,0.0,0.0,0.0,0.0,0.0,0.0,0.0,0.0,0.0,0.0,1.0000000000000002,0.5057661787993826,0.6362943122904505,0.5892094807847752,0.6223638255203331,0.0,0.0,0.0,0.0,0.0,0.0,0.0,0.0,0.0,0.0,0.0,0.0,0.0,0.0,0.0,0.0,0.0,0.0,0.0,0.0,0.0,0.0,0.0,0.0,0.0,0.0,0.0,0.0,0.0,0.0,0.0,0.0,0.0,0.0,0.0,0.0,0.0,0.0,0.0,0.0,0.0,0.0,0.0,0.0,0.0,0.0,0.0,1.0000000000000002,0.6362943122904505,0.6291741296516223,0.7706338083455844,0.7950622478528686,0.570710159621384,0.0,0.0,0.0,0.0,0.0,0.0,0.0,0.0,0.0,0.0,0.0,0.0,0.0,0.0,0.0,0.0,0.0,0.0,0.0,0.0,0.0,0.0,0.0,0.0,0.0,0.0,0.0,0.0,0.0,0.0,0.0,0.0,0.0,0.0,0.0,0.0,0.0,0.0,0.0,0.0,0.0,0.0,0.0,0.0,0.0,0.0,0.0,0.0,0.0,0.0,0.0,0.0,0.0,0.0,0.0,0.0,0.0,0.0,0.0,0.0,0.0,0.0,0.0,0.0,0.0,0.0,0.0,0.0,0.0,0.0,0.0,0.0,0.0,0.0,0.0,0.0,0.0,0.0,0.0,0.0,0.0,0.0,0.0,0.0,0.0,0.0,0.0,0.0,0.0,0.0,0.0,0.0,0.0
grep -E,0.0,0.0,0.0,0.0,0.0,0.0,0.0,0.0,0.0,0.0,0.0,0.0,0.0,0.0,0.0,0.0,0.0,0.0,0.0,0.0,0.0,0.0,0.0,0.0,0.0,0.0,0.5057661787993826,1.0,0.32181614291892213,0.2980022276088839,0.3147705738563844,0.0,0.0,0.0,0.0,0.0,0.0,0.0,0.0,0.16456590832432927,0.1351620875251457,0.13398804629668135,0.0,0.0,0.0,0.0,0.0,0.0,0.0,0.0,0.0,0.0,0.0,0.0,0.0,0.0,0.0,0.0,0.0,0.0,0.0,0.0,0.0,0.0,0.0,0.0,0.0,0.0,0.0,0.0,0.0,0.0,0.0,0.0,0.0,0.0,0.0,0.0,0.5057661787993826,0.32181614291892213,0.31821499535332826,0.38976051650056187,0.4021155950041929,0.28864589663369306,0.0,0.0,0.0,0.0,0.0,0.0,0.0,0.0,0.0,0.0,0.0,0.0,0.0,0.0,0.0,0.0,0.0,0.0,0.0,0.0,0.0,0.0,0.0,0.0,0.0,0.0,0.0,0.0,0.0,0.0,0.0,0.18925115836184034,0.0,0.0,0.0,0.0,0.0,0.0,0.0,0.0,0.0,0.0,0.0,0.0,0.0,0.0,0.0,0.0,0.0,0.0,0.0,0.0,0.0,0.0,0.0,0.0,0.0,0.0,0.0,0.0,0.0,0.0,0.0,0.0,0.0,0.0,0.0,0.0,0.0,0.0,0.0,0.0,0.0,0.0,0.0,0.0,0.0,0.0,0.0,0.0,0.0,0.0,0.0,0.0,0.0,0.0,0.0,0.0,0.0,0.0,0.0,0.0,0.0
grep -i,0.0,0.0,0.0,0.0,0.0,0.0,0.0,0.0,0.0,0.0,0.0,0.0,0.0,0.0,0.0,0.0,0.0,0.0,0.0,0.0,0.0,0.0,0.0,0.0,0.0,0.0,0.6362943122904505,0.32181614291892213,1.0,0.3749106413709619,0.3960065623539142,0.0,0.0,0.0,0.0,0.0,0.0,0.0,0.0,0.0,0.0,0.0,0.0,0.0,0.0,0.0,0.0,0.0,0.0,0.0,0.0,0.0,0.0,0.0,0.0,0.0,0.0,0.0,0.0,0.0,0.0,0.0,0.0,0.0,0.0,0.0,0.0,0.0,0.0,0.0,0.0,0.0,0.0,0.0,0.0,0.0,0.0,0.0,0.6362943122904505,1.0,0.40033992013762176,0.4903499091090244,0.5058935862256407,0.36313962853346177,0.0,0.0,0.0,0.0,0.0,0.0,0.0,0.0,0.0,0.0,0.0,0.0,0.0,0.0,0.6663900920903874,0.24876181974627692,0.0,0.0,0.0,0.0,0.0,0.0,0.0,0.0,0.0,0.0,0.0,0.0,0.0,0.0,0.6437203142810826,0.0,0.0,0.0,0.0,0.0,0.0,0.0,0.0,0.0,0.0,0.0,0.0,0.0,0.0,0.0,0.0,0.0,0.0,0.0,0.0,0.0,0.0,0.0,0.0,0.0,0.0,0.0,0.0,0.0,0.0,0.0,0.0,0.0,0.0,0.0,0.0,0.0,0.0,0.0,0.0,0.0,0.0,0.0,0.0,0.0,0.0,0.0,0.0,0.0,0.0,0.0,0.0,0.0,0.0,0.0,0.0,0.0,0.0,0.0,0.0,0.0,0.0
grep -r,0.0,0.0,0.0,0.0,0.0,0.0,0.0,0.0,0.0,0.0,0.0,0.0,0.0,0.0,0.0,0.0,0.0,0.0,0.0,0.0,0.0,0.0,0.0,0.0,0.0,0.0,0.5892094807847752,0.2980022276088839,0.3749106413709619,1.0000000000000002,0.3667026664940618,0.0,0.0,0.0,0.0,0.0,0.468236233168264,0.0,0.0,0.0,0.0,0.0,0.0,0.0,0.0,0.0,0.0,0.0,0.0,0.0,0.0,0.0,0.0,0.0,0.0,0.2160428624115943,0.1818232370352391,0.0,0.0,0.0,0.0,0.0,0.0,0.0,0.0,0.0,0.0,0.0,0.0,0.0,0.0,0.0,0.0,0.0,0.0,0.0,0.0,0.0,0.5892094807847752,0.3749106413709619,0.37071536225524515,0.45406474609049563,0.4684582142489649,0.3362678368291118,0.0,0.0,0.0,0.0,0.0,0.0,0.0,0.0,0.0,0.0,0.0,0.0,0.0,0.0,0.0,0.0,0.7181285219765732,0.3378709319820165,0.17746476482070894,0.15873289970500007,0.14616171997468294,0.15969357057985636,0.156547308109112,0.0,0.0,0.0,0.0,0.0,0.0,0.3378709319820165,0.18620385894063332,0.1435819564732784,0.14916463490028822,0.1882682307656048,0.0,0.0,0.0,0.0,0.0,0.0,0.0,0.0,0.0,0.0,0.0,0.0,0.0,0.0,0.0,0.0,0.0,0.0,0.0,0.0,0.0,0.0,0.0,0.0,0.0,0.0,0.0,0.0,0.0,0.0,0.0,0.0,0.0,0.0,0.0,0.0,0.0,0.0,0.0,0.0,0.0,0.0,0.0,0.0,0.4706155070860307,0.0,0.0,0.0,0.0,0.0,0.0,0.0,0.0,0.0,0.0,0.0,0.0,0.0,0.0
grep -v,0.0,0.0,0.12302084461820234,0.0,0.1133718769567112,0.0,0.0,0.0,0.0,0.0,0.0,0.0,0.0,0.0,0.0,0.0,0.0,0.0,0.0,0.0,0.0,0.0,0.0,0.0,0.0,0.0,0.6223638255203331,0.3147705738563844,0.3960065623539142,0.3667026664940618,1.0,0.1860119023887104,0.2536521757961124,0.0,0.0,0.0,0.0,0.0,0.0,0.0,0.0,0.0,0.0,0.0,0.0,0.0,0.13380151899326576,0.1424547567712755,0.0,0.0,0.0,0.14332999580079656,0.0,0.0,0.0,0.0,0.0,0.0,0.0,0.0,0.0,0.0,0.0,0.0,0.0,0.0,0.0,0.0,0.19145178182387113,0.1294584678499241,0.22830114320689374,0.12550312587633922,0.0,0.0,0.0,0.0,0.0,0.0,0.6223638255203331,0.3960065623539142,0.543204990497588,0.5379812377642905,0.43983820631156134,0.35518935820528447,0.0,0.0,0.0,0.0,0.0,0.0,0.0,0.0,0.0,0.0,0.0,0.0,0.0,0.0,0.0,0.0,0.0,0.0,0.15808142009626916,0.0,0.13019740724675313,0.14225126009104883,0.0,0.0,0.0,0.0,0.0,0.0,0.0,0.0,0.0,0.0,0.0,0.0,0.0,0.0,0.0,0.0,0.0,0.0,0.0,0.0,0.0,0.0,0.0,0.0,0.0,0.0,0.0,0.0,0.0,0.0,0.0,0.0,0.0,0.0,0.0,0.0,0.0,0.0,0.0,0.0,0.0,0.0,0.0,0.0,0.0,0.0,0.0,0.0,0.0,0.0,0.0,0.0,0.0,0.0,0.0,0.0,0.0,0.0,0.0,0.0,0.0,0.0,0.0,0.0,0.0,0.0,0.0,0.0,0.0,0.0,0.0
