label,awk,cat,cat -b,cat -n,cat -s,cd,chattr,chattr +a,chattr +i,chattr -i,crontab,crontab -e,crontab -l,crontab -r,curl,curl -X,curl -d,curl -o,curl -s,echo,echo -e,echo -n,echo -ne,free,free -g,free -h,free -m,grep,grep -E,grep -i,grep -r,grep -v,head,head -n,ifconfig,lockr,ls,ls -R,ls -a,ls -h,ls -l,ls -la,ls -lh,lscpu,id,pkill,pkill -9,pkill -f,pkill -u,ps,ps -e,ps -f,ps -u,ps -x,rm,rm -f,rm -r,rm -rf,sh,tftp,top,logname,whoami,uname,uname -a,uname -n,uname -r,uname -s,w,wc,wc -c,wc -l,wc -w,wget,wget --no-check-certificate,wget -O,wget -q,which,which -ls,ack,ack -i,ack -w,ack -c,ack -l,ack -n,bzip2,bzip2 -k,bzip2 -f,bzip2 -v,bzip2 -d,bzip2 -t,cmp,cmp -l,cmp -s,cmp -n,cmp -i,diff,diff -u,diff -c,diff -i,diff -b,diff -r,find,find -name,find -type,find -mtime,find -size,find -exec,gzip,gzip -k,gzip -d,gzip -v,gzip --best,gzip --fast,locate,locate -i,locate -r,locate -l,locate -e,mosh,mosh -p,mosh -s,mosh -c,mosh --predict,rsync,rsync -a,rsync -v,rsync -z,rsync --delete,rsync -P,scp,scp -r,scp -p,scp -C,scp -P,scp -l,scp -t,ssh,ssh -p,ssh -i,ssh -L,ssh -R,ssh -o,su,su -c,su -l,su -p,sudo,sudo -u,sudo -s,sudo -H,sudo -E,sudo -n,tar,tar -c,tar -x,tar -t,tar -z,tar -j,tar -v,tar -f,tar --exclude,zip,zip -r,zip -u,zip -d,zip -9,zip -l,nproc,chmod,chown,chrgp,dnf,yum,apt-get,kill,killall,bg
awk,1.0,0.0,0.0,0.0,0.0,0.0,0.0,0.0,0.0,0.0,0.0,0.0,0.0,0.0,0.0,0.0,0.0,0.0,0.0,0.477803687785371,0.2609734863966643,0.2669954478115512,0.20273359765506596,0.0,0.0,0.0,0.0,0.0,0.0,0.0,0.0,0.0,0.0,0.0,0.0,0.0,0.0,0.0,0.0,0.0,0.0,0.0,0.0,0.0,0.0,0.0,0.0,0.0,0.0,0.0,0.0,0.0,0.0,0.0,0.0,0.0,0.0,0.0,0.0,0.0,0.0,0.0,0.0,0.0,0.0,0.0,0.0,0.0,0.0,0.0,0.0,0.0,0.0,0.0,0.0,0.0,0.0,0.0,0.0,0.0,0.0,0.0,0.0,0.0,0.0,0.0,0.0,0.0,0.0,0.0,0.0,0.0,0.0,0.0,0.0,0.0,0.0,0.0,0.0,0.0,0.0,0.0,0.0,0.0,0.0,0.0,0.0,0.0,0.0,0.0,0.0,0.0,0.0,0.0,0.0,0.0,0.0,0.0,0.0,0.0,0.0,0.0,0.0,0.0,0.0,0.0,0.0,0.0,0.0,0.0,0.0,0.0,0.0,0.0,0.0,0.0,0.0,0.0,0.0,0.0,0.0,0.0,0.0,0.0,0.0,0.0,0.0,0.0,0.0,0.0,0.0,0.0,0.0,0.0,0.0,0.0,0.0,0.0,0.0,0.0,0.0,0.0,0.0,0.0,0.0,0.0,0.0,0.0,0.0,0.0,0.0,0.0,0.0,0.0,0.0,0.0,0.0,0.0
cat,0.0,1.0,0.5508867753981953,0.5625054979570749,0.5077368778414668,0.0,0.1558306565242342,0.1865188318694675,0.1830071755533324,0.19024072135043898,0.0,0.0,0.0,0.0,0.18827575193914897,0.09214605870509034,0.09214605870509034,0.2170577905928043,0.1201019721865608,0.0,0.0,0.0,0.0,0.0,0.0,0.0,0.0,0.0,0.0,0.0,0.0,0.0,0.0,0.0,0.0,0.0,0.0,0.0,0.0,0.0,0.08651105032662731,0.07105732546853348,0.07044073648951156,0.0,0.0,0.0,0.0,0.0,0.0,0.0,0.0,0.0,0.0,0.0,0.1926320714362326,0.10964571238844337,0.10472078574740869,0.08813365875800748,0.0,0.23729472948229918,0.0,0.0,0.0,0.0,0.0,0.0,0.0,0.0,0.0,0.0,0.0,0.0,0.0,0.18827575193914897,0.09421951090952743,0.2170577905928043,0.1201019721865608,0.0,0.0,0.0,0.0,0.0,0.0,0.0,0.0,0.0,0.0,0.0,0.0,0.0,0.0,0.0,0.0,0.0,0.0,0.0,0.0,0.0,0.0,0.0,0.0,0.0,0.23400160889066726,0.1229694832383473,0.21993298636279207,0.10128940967692472,0.22126173199200327,0.10847634550648214,0.0,0.0,0.0,0.0,0.0,0.0,0.23400160889066726,0.12901391693533446,0.09950363257723575,0.10336695147039422,0.13044348043819712,0.0,0.0,0.0,0.0,0.0,0.1995589569529368,0.12381674580877222,0.12223548981744994,0.20110118170906405,0.10614908096602906,0.13309715283257206,0.1995589569529368,0.10672839412647667,0.20417297965734102,0.12445388516814652,0.12629993083877566,0.11153856384951988,0.10672839412647667,0.0,0.0,0.13117806571963736,0.0,0.0,0.0,0.0,0.0,0.0,0.0,0.0,0.0,0.0,0.0,0.0,0.0,0.0,0.0,0.0,0.0,0.0,0.0,0.0,0.13499221071907944,0.0,0.0,0.0,0.0,0.0,0.0,0.0,0.0,0.0,0.0,0.0,0.0,0.0,0.0,0.0,0.0,0.0
cat -b,0.0,0.5508867753981953,1.0,0.5405305557167269,0.43444193943206827,0.0,0.08584504788081912,0.10275075783960907,0.10081623281530672,0.10480109753416993,0.0,0.0,0.0,0.0,0.10371862187142829,0.05076204514570001,0.05076204514570001,0.11957426633472668,0.06616258817681821,0.0,0.0,0.0,0.0,0.0,0.0,0.0,0.0,0.0,0.0,0.0,0.0,0.1230614051944191,0.25385801639656863,0.3461338454176099,0.0,0.0,0.0,0.0,0.0,0.0,0.0476577935507467,0.039144540895780455,0.03880487018138101,0.0,0.0,0.0,0.0,0.0,0.0,0.0,0.0,0.0,0.0,0.0,0.10611846067178096,0.06040237293390752,0.057689295977555254,0.04855166707724365,0.0,0.13072252834349085,0.0,0.0,0.0,0.0,0.0,0.0,0.0,0.0,0.0,0.2612713568709495,0.17667995601587386,0.3115454987147104,0.1712889846176409,0.10371862187142829,0.05190428254454464,0.11957426633472668,0.06616258817681821,0.0,0.0,0.0,0.0,0.0,0.1523581070773628,0.0,0.22862997848633995,0.0,0.0,0.0,0.0,0.0,0.0,0.0,0.0,0.0,0.20175370107178917,0.0,0.0,0.0,0.0,0.0,0.0,0.0,0.12890839175976934,0.06774226209355556,0.12115817366109377,0.05579899627890781,0.12189016205609438,0.05975818418304645,0.0,0.0,0.0,0.0,0.0,0.0,0.12890839175976934,0.071072060681997,0.05481523529088021,0.2769759683050544,0.07185958831031597,0.0,0.0,0.0,0.0,0.0,0.10993439029763061,0.06820900783889253,0.06733791482475393,0.11078398152047281,0.05847612492485769,0.07332146133861639,0.10993439029763061,0.05879526088376241,0.11247619438687391,0.06855999948605751,0.06957696163278819,0.061445119771607715,0.05879526088376241,0.0,0.0,0.07226426162726356,0.0,0.0,0.0,0.0,0.0,0.0,0.0,0.0,0.0,0.0,0.0,0.0,0.2743958152648348,0.0,0.0,0.0,0.0,0.0,0.0,0.0,0.07436542366690736,0.0,0.0,0.0,0.0,0.0,0.0,0.0,0.0,0.0,0.0,0.0,0.0,0.0,0.0,0.0,0.0,0.0
cat -n,0.0,0.5625054979570749,0.5405305557167269,1.0000000000000002,0.28560478530138483,0.0,0.08765560104514226,0.10491786839910675,0.10294254241434507,0.1070114516949418,0.0,0.0,0.0,0.0,0.1059061455977737,0.051832664636688695,0.051832664636688695,0.2894588749695017,0.25276756418256396,0.2633439839933781,0.14383689239169453,0.1471559277005285,0.11173767524326388,0.0,0.0,0.0,0.0,0.0,0.0,0.0,0.0,0.0,0.0,0.0,0.0,0.0,0.0,0.0,0.0,0.0,0.048662941442769066,0.03997013624617536,0.039623301555495795,0.0,0.0,0.0,0.0,0.2698952323530591,0.0,0.0,0.0,0.0,0.0,0.0,0.10835659926574083,0.061676316045919555,0.05890601773330228,0.049575667606451906,0.0,0.1334795899700301,0.0,0.0,0.0,0.0,0.0,0.0,0.0,0.0,0.0,0.0,0.0,0.0,0.0,0.1059061455977737,0.052998992901435775,0.2894588749695017,0.25276756418256396,0.0,0.0,0.0,0.0,0.0,0.0,0.0,0.6775898219635339,0.0,0.0,0.0,0.0,0.0,0.0,0.0,0.0,0.0,0.20600887723986083,0.0,0.0,0.0,0.0,0.0,0.0,0.0,0.13162719153180147,0.06917101040251072,0.12371351401118891,0.0569758498280967,0.12446094073300665,0.06101854074568744,0.0,0.0,0.0,0.0,0.0,0.0,0.13162719153180147,0.07257103758910301,0.05597134039139581,0.2828176531574223,0.07337517491914203,0.0,0.0,0.0,0.0,0.0,0.11225301045260619,0.06964760025658798,0.06875813506779163,0.11312052035701327,0.05970944164648203,0.07486788023075484,0.11225301045260619,0.0600353084842727,0.11484842359153233,0.07000599464920088,0.07104440548840961,0.06274105539959117,0.0600353084842727,0.0,0.0,0.07378838317867051,0.0,0.0,0.0,0.0,0.0,0.0,0.0,0.0,0.0,0.0,0.0,0.0,0.0,0.0,0.0,0.0,0.0,0.0,0.0,0.22236210474996496,0.07593386071086217,0.0,0.0,0.0,0.0,0.0,0.0,0.0,0.0,0.0,0.0,0.0,0.0,0.0,0.0,0.0,0.0,0.0
cat -s,0.0,0.5077368778414668,0.43444193943206827,0.28560478530138483,1.0,0.0,0.07912097101560067,0.0947024893520409,0.0929194919380342,0.09659222989678036,0.0,0.0,0.0,0.0,0.09559454246283798,0.04678595215231907,0.04678595215231907,0.11020824490675735,0.06098020038060706,0.0,0.0,0.0,0.0,0.0,0.0,0.0,0.0,0.0,0.0,0.0,0.0,0.11342224291195559,0.2339738080789004,0.31902184956348817,0.0,0.0,0.0,0.0,0.0,0.0,0.043924850591627755,0.036078424581158126,0.03576535961803808,0.0,0.0,0.0,0.0,0.0,0.0,0.0,0.0,0.0,0.0,0.0,0.09780640652316712,0.055671171676811675,0.05317060480049446,0.044748708730535956,0.0,0.12048328507557804,0.0,0.0,0.0,0.0,0.0,0.0,0.0,0.0,0.0,0.24080647590636312,0.1628409561653118,0.2871427412804217,0.1578722491487149,0.09559454246283798,0.04783872030095347,0.11020824490675735,0.06098020038060706,0.0,0.0,0.0,0.0,0.0,0.14042419069758905,0.0,0.0,0.0,0.0,0.0,0.0,0.0,0.0,0.0,0.0,0.0,0.0,0.0,0.0,0.0,0.0,0.0,0.0,0.0,0.1188112463080274,0.06243614148921704,0.11166808783019393,0.05142836862776701,0.11234274098741512,0.055077440987113466,0.0,0.0,0.0,0.0,0.0,0.0,0.1188112463080274,0.06550512338284506,0.05052166373865014,0.052483213211568375,0.06623096549246464,0.0,0.0,0.0,0.0,0.0,0.10132344174858379,0.06286632794143653,0.062063465961334434,0.10210648613118965,0.053895802955432656,0.06757833282879867,0.10132344174858379,0.0541899416108108,0.10366615123080763,0.06318982709051514,0.06412713255567314,0.056632242167876316,0.0541899416108108,0.0,0.0,0.06660394152977141,0.0,0.0,0.0,0.0,0.0,0.0,0.0,0.0,0.0,0.0,0.0,0.0,0.0,0.0,0.0,0.0,0.0,0.0,0.0,0.0,0.06854052360342278,0.0,0.0,0.0,0.0,0.0,0.0,0.0,0.0,0.0,0.0,0.0,0.0,0.0,0.0,0.0,0.0,0.0
cd,0.0,0.0,0.0,0.0,0.0,1.0,0.0,0.0,0.0,0.0,0.0,0.0,0.0,0.0,0.0,0.0,0.0,0.0,0.0,0.0,0.0,0.0,0.0,0.0,0.0,0.0,0.0,0.0,0.0,0.0,0.0,0.0,0.0,0.0,0.0,0.0,0.409428596587171,0.2504249977520415,0.2407355012997581,0.23658902866727963,0.20668093980772556,0.16976091207552535,0.1682878379517205,0.0,0.0,0.0,0.0,0.0,0.0,0.0,0.0,0.0,0.0,0.0,0.0,0.0,0.0,0.0,0.0,0.0,0.0,0.0,0.0,0.0,0.0,0.0,0.0,0.0,0.0,0.0,0.0,0.0,0.0,0.0,0.0,0.0,0.0,0.0,0.0,0.0,0.0,0.0,0.0,0.0,0.0,0.0,0.0,0.0,0.0,0.0,0.0,0.0,0.0,0.0,0.0,0.0,0.0,0.0,0.0,0.0,0.0,0.0,0.0,0.0,0.0,0.0,0.0,0.0,0.0,0.0,0.0,0.0,0.0,0.0,0.0,0.0,0.0,0.0,0.0,0.0,0.0,0.0,0.0,0.0,0.0,0.0,0.0,0.0,0.0,0.0,0.0,0.0,0.0,0.0,0.0,0.0,0.0,0.0,0.0,0.0,0.0,0.0,0.0,0.0,0.0,0.0,0.0,0.0,0.0,0.0,0.0,0.0,0.0,0.0,0.0,0.0,0.0,0.0,0.0,0.0,0.0,0.0,0.0,0.0,0.0,0.0,0.0,0.0,0.0,0.0,0.0,0.0,0.0,0.0,0.0,0.0,0.0,0.0
chattr,0.0,0.1558306565242342,0.08584504788081912,0.08765560104514226,0.07912097101560067,0.0,1.0,0.6739090858593614,0.6612211600658144,0.6873566027275048,0.0,0.0,0.0,0.0,0.15230659055641024,0.07454200495833947,0.07454200495833947,0.1755899615239997,0.09715707792657227,0.0,0.0,0.0,0.0,0.0,0.0,0.0,0.0,0.0,0.0,0.0,0.0,0.0,0.0,0.0,0.0,0.3696773509268571,0.0,0.0,0.0,0.0,0.06998353736471172,0.057482171042755194,0.05698337837188679,0.0,0.0,0.0,0.0,0.0,0.0,0.0,0.0,0.0,0.0,0.0,0.1558306565242342,0.0886984354119587,0.084714391913469,0.071296154392907,0.0,0.19196073223563956,0.0,0.0,0.0,0.0,0.0,0.0,0.0,0.0,0.0,0.0,0.0,0.0,0.0,0.15230659055641024,0.07621933426222963,0.1755899615239997,0.09715707792657227,0.0,0.0,0.0,0.0,0.0,0.0,0.0,0.0,0.0,0.0,0.0,0.0,0.0,0.0,0.0,0.0,0.0,0.0,0.0,0.0,0.0,0.0,0.0,0.0,0.0,0.1892967462234383,0.09947676501947834,0.1779158652072875,0.08193856345531907,0.1789907604841222,0.08775247035237599,0.0,0.0,0.0,0.0,0.0,0.0,0.1892967462234383,0.10436643922739192,0.08049395033469137,0.08361920105226282,0.10552289161630742,0.0,0.0,0.0,0.0,0.0,0.16143419444856966,0.10016216222054322,0.09888299745102457,0.16268178470944059,0.08586981831764239,0.10766959288122412,0.16143419444856966,0.0863384565327257,0.1651667306866127,0.100677579222128,0.10217094689804528,0.0902296668610274,0.0863384565327257,0.0,0.0,0.10611713797324265,0.0,0.0,0.0,0.0,0.0,0.0,0.0,0.0,0.0,0.0,0.0,0.0,0.0,0.0,0.0,0.0,0.0,0.0,0.0,0.0,0.10920260922893872,0.0,0.0,0.0,0.0,0.0,0.0,0.0,0.0,0.3696773509268571,0.3696773509268571,0.3696773509268571,0.3589993036859253,0.3589993036859253,0.3589993036859253,0.0,0.0,0.0
chattr +a,0.0,0.1865188318694675,0.10275075783960907,0.10491786839910675,0.0947024893520409,0.0,0.6739090858593614,1.0,0.48431835642785814,0.7419487148307882,0.0,0.0,0.0,0.0,0.18230076154614028,0.08922177445793739,0.08922177445793739,0.21016939312174354,0.11629049820435607,0.0,0.0,0.0,0.0,0.0,0.0,0.0,0.0,0.0,0.0,0.0,0.0,0.0,0.0,0.0,0.0,0.2212394826583865,0.0,0.0,0.0,0.0,0.08376559484833633,0.06880229882461068,0.06820527749138568,0.0,0.0,0.0,0.0,0.0,0.0,0.0,0.0,0.0,0.0,0.0,0.1865188318694675,0.10616607111011624,0.10139743856995953,0.08533670928917732,0.0,0.22976410637037248,0.0,0.0,0.0,0.0,0.0,0.0,0.0,0.0,0.0,0.0,0.0,0.0,0.0,0.18230076154614028,0.09122942500244602,0.21016939312174354,0.11629049820435607,0.0,0.0,0.0,0.0,0.0,0.0,0.0,0.0,0.0,0.0,0.0,0.0,0.0,0.0,0.0,0.0,0.0,0.0,0.0,0.0,0.0,0.0,0.0,0.0,0.0,0.22657549399976937,0.11906700788815011,0.212953343646782,0.09807495830174844,0.21423992111420118,0.1050338144551155,0.0,0.0,0.0,0.0,0.0,0.0,0.22657549399976937,0.12491961957460908,0.09634585340177079,0.10008656865089118,0.12630381542864905,0.0,0.0,0.0,0.0,0.0,0.19322589048871147,0.11988738231357227,0.11835630798005631,0.1947191722555965,0.10278040638915782,0.1288732726922954,0.19322589048871147,0.10334133486367234,0.19769348572676382,0.12050430185434508,0.12229176268314801,0.10799885233283842,0.10334133486367234,0.0,0.0,0.12701508841440468,0.0,0.0,0.0,0.0,0.0,0.0,0.0,0.0,0.0,0.0,0.0,0.0,0.0,0.0,0.0,0.0,0.0,0.0,0.0,0.0,0.13070819031884123,0.0,0.0,0.0,0.0,0.0,0.0,0.0,0.0,0.2212394826583865,0.2212394826583865,0.2212394826583865,0.2148490298988043,0.2148490298988043,0.2148490298988043,0.0,0.0,0.0
chattr +i,0.0,0.1830071755533324,0.10081623281530672,0.10294254241434507,0.0929194919380342,0.0,0.6612211600658144,0.48431835642785814,1.0000000000000002,0.49398268564417963,0.0,0.0,0.0,0.0,0.1788685203386264,0.0875419644104926,0.0875419644104926,0.20621245928607188,0.1141010556776539,0.0,0.0,0.0,0.0,0.0,0.0,0.0,0.0,0.0,0.0,0.0,0.0,0.0,0.0,0.0,0.0,0.21707412831390135,0.0,0.0,0.0,0.0,0.08218851023293496,0.06750693349977771,0.06692115249930985,0.0,0.0,0.0,0.0,0.0,0.0,0.0,0.0,0.0,0.0,0.0,0.1830071755533324,0.10416724476943875,0.09948839296836949,0.08373004474399484,0.0,0.22543825590653666,0.0,0.0,0.0,0.0,0.0,0.0,0.0,0.0,0.0,0.0,0.0,0.0,0.0,0.1788685203386264,0.0895118162048989,0.20621245928607188,0.1141010556776539,0.0,0.0,0.0,0.0,0.0,0.0,0.0,0.0,0.0,0.0,0.0,0.0,0.0,0.0,0.0,0.0,0.0,0.0,0.0,0.0,0.0,0.0,0.0,0.0,0.0,0.2223096766739213,0.11682529102716127,0.2089439953854619,0.09622846621661653,0.2102063500017921,0.10305630551276271,0.0,0.0,0.0,0.0,0.0,0.0,0.2223096766739213,0.12256771351401692,0.09453191578892679,0.09820220326300819,0.12392584862092007,0.0,0.0,0.0,0.0,0.0,0.1895879579969919,0.11763021997180405,0.11612797171874267,0.19105312521750173,0.10084532316107923,0.12644692979975777,0.1895879579969919,0.10139569083591102,0.1939714402321995,0.11823552454919656,0.11998933221790622,0.10596551956890941,0.10139569083591102,0.0,0.0,0.12462373021746372,0.0,0.0,0.0,0.0,0.0,0.0,0.0,0.0,0.0,0.0,0.0,0.0,0.0,0.0,0.0,0.0,0.0,0.0,0.0,0.0,0.12824730078021826,0.0,0.0,0.0,0.0,0.0,0.0,0.0,0.0,0.21707412831390135,0.21707412831390135,0.21707412831390135,0.21080399087889642,0.21080399087889642,0.21080399087889642,0.0,0.0,0.0
chattr -i,0.0,0.19024072135043898,0.10480109753416993,0.1070114516949418,0.09659222989678036,0.0,0.6873566027275048,0.7419487148307882,0.49398268564417963,1.0,0.0,0.0,0.0,0.0,0.18593848155527326,0.0910021500934711,0.0910021500934711,0.21436321765753844,0.11861101660813113,0.0,0.0,0.0,0.0,0.0,0.0,0.0,0.0,0.0,0.0,0.0,0.0,0.0,0.0,0.0,0.0,0.22565420526322294,0.0,0.0,0.0,0.0,0.0854370951639266,0.07017521409378406,0.06956627950012431,0.0,0.0,0.0,0.0,0.0,0.0,0.0,0.0,0.0,0.0,0.0,0.19024072135043898,0.10828456166327037,0.10342077345914163,0.08703956040324815,0.0,0.23434893355395237,0.0,0.0,0.0,0.0,0.0,0.0,0.0,0.0,0.0,0.0,0.0,0.0,0.0,0.18593848155527326,0.0930498622948547,0.21436321765753844,0.11861101660813113,0.0,0.0,0.0,0.0,0.0,0.0,0.0,0.0,0.0,0.0,0.0,0.0,0.0,0.0,0.0,0.0,0.0,0.0,0.0,0.0,0.0,0.0,0.0,0.26586891464164725,0.0,0.23109669402719513,0.12144293014622962,0.21720272051512604,0.10003199476820802,0.218514970988828,0.10712971139618356,0.0,0.0,0.0,0.0,0.0,0.0,0.23109669402719513,0.12741232775534161,0.0982683864495985,0.10208374579013564,0.12882414454147256,0.0,0.0,0.0,0.0,0.0,0.19708161595113866,0.12227967473070665,0.12071804857891379,0.19860469540464115,0.10483133770561329,0.13144487403251556,0.19708161595113866,0.10540345922571975,0.20163835980520523,0.1229089045906381,0.12473203330128271,0.11015391511350117,0.10540345922571975,0.0,0.0,0.12954961062192671,0.0,0.0,0.0,0.0,0.0,0.0,0.0,0.0,0.0,0.0,0.0,0.0,0.0,0.0,0.0,0.0,0.0,0.0,0.0,0.0,0.13331640651743382,0.0,0.0,0.0,0.0,0.0,0.0,0.0,0.0,0.22565420526322294,0.22565420526322294,0.22565420526322294,0.21913623423287878,0.21913623423287878,0.21913623423287878,0.0,0.0,0.0
crontab,0.0,0.0,0.0,0.0,0.0,0.0,0.0,0.0,0.0,0.0,1.0000000000000002,0.6237223972599018,0.6696252172620262,0.6623363336959169,0.0,0.0,0.0,0.0,0.0,0.0,0.0,0.0,0.0,0.0,0.0,0.0,0.0,0.0,0.0,0.0,0.0,0.0,0.0,0.0,0.0,0.0,0.0,0.0,0.0,0.0,0.0,0.0,0.0,0.0,0.0,0.0,0.0,0.0,0.0,0.0,0.0,0.0,0.0,0.0,0.0,0.0,0.0,0.0,0.0,0.0,0.0,0.0,0.0,0.0,0.0,0.0,0.0,0.0,0.0,0.0,0.0,0.0,0.0,0.0,0.0,0.0,0.0,0.0,0.0,0.0,0.0,0.0,0.0,0.0,0.0,0.0,0.0,0.0,0.0,0.0,0.0,0.0,0.0,0.0,0.0,0.0,0.0,0.0,0.0,0.0,0.0,0.0,0.0,0.0,0.0,0.0,0.0,0.0,0.0,0.0,0.0,0.0,0.0,0.0,0.0,0.0,0.0,0.0,0.0,0.0,0.0,0.0,0.0,0.0,0.0,0.0,0.0,0.0,0.0,0.0,0.0,0.0,0.0,0.0,0.0,0.0,0.0,0.0,0.0,0.0,0.0,0.0,0.0,0.0,0.0,0.0,0.0,0.0,0.0,0.0,0.0,0.0,0.0,0.0,0.0,0.0,0.0,0.0,0.0,0.0,0.0,0.0,0.0,0.0,0.0,0.0,0.0,0.0,0.0,0.0,0.0,0.0,0.0,0.0,0.0,0.0,0.0,0.0
crontab -e,0.0,0.0,0.0,0.0,0.0,0.0,0.0,0.0,0.0,0.0,0.6237223972599018,1.0000000000000002,0.7728028082949377,0.7643908346356186,0.0,0.0,0.0,0.0,0.0,0.0,0.0,0.0,0.0,0.0,0.0,0.0,0.0,0.0,0.0,0.0,0.0,0.0,0.0,0.0,0.0,0.0,0.0,0.0,0.0,0.0,0.0,0.0,0.0,0.0,0.24631114247510738,0.0,0.0,0.0,0.13694777000179084,0.0,0.0,0.0,0.13778795947865388,0.0,0.0,0.0,0.0,0.0,0.0,0.0,0.0,0.24631114247510738,0.24631114247510738,0.0,0.0,0.0,0.0,0.0,0.18545838779347223,0.0,0.0,0.0,0.0,0.0,0.0,0.0,0.0,0.0,0.0,0.0,0.0,0.0,0.0,0.0,0.0,0.0,0.0,0.0,0.0,0.0,0.0,0.0,0.0,0.0,0.0,0.0,0.0,0.0,0.0,0.0,0.0,0.0,0.0,0.0,0.0,0.0,0.0,0.0,0.0,0.0,0.0,0.0,0.0,0.0,0.0,0.0,0.0,0.0,0.0,0.0,0.0,0.0,0.0,0.0,0.0,0.0,0.0,0.0,0.0,0.0,0.0,0.0,0.0,0.0,0.0,0.0,0.0,0.0,0.0,0.0,0.0,0.0,0.0,0.0,0.1128628799362964,0.0,0.0,0.0,0.12767685741114726,0.11254812003697033,0.10738948401918261,0.0,0.0,0.0,0.0,0.0,0.0,0.0,0.0,0.0,0.0,0.0,0.0,0.0,0.0,0.0,0.0,0.0,0.0,0.0,0.0,0.0,0.0,0.0,0.0,0.0,0.0,0.0
crontab -l,0.0,0.0,0.0,0.0,0.0,0.0,0.0,0.0,0.0,0.0,0.6696252172620262,0.7728028082949377,1.0,0.8206461415601376,0.0,0.0,0.0,0.0,0.0,0.0,0.0,0.0,0.0,0.0,0.0,0.0,0.0,0.0,0.0,0.0,0.0,0.0,0.0,0.0,0.0,0.0,0.0,0.1758781904155845,0.0,0.0,0.0,0.0,0.0,0.0,0.2644383992278278,0.0,0.0,0.0,0.1470264345867105,0.0,0.20440141594821346,0.0,0.14792845776794836,0.20440141594821346,0.0,0.0,0.0,0.0,0.0,0.0,0.0,0.2644383992278278,0.2644383992278278,0.0,0.0,0.0,0.0,0.0,0.19910718897516305,0.0,0.0,0.0,0.0,0.0,0.0,0.0,0.0,0.0,0.0,0.0,0.0,0.0,0.0,0.1666997258609619,0.0,0.0,0.0,0.0,0.0,0.0,0.0,0.0,0.18322766263853088,0.0,0.0,0.0,0.0,0.0,0.0,0.0,0.0,0.0,0.0,0.0,0.0,0.0,0.0,0.0,0.0,0.0,0.0,0.0,0.0,0.0,0.0,0.0,0.0,0.0,0.0,0.0,0.0,0.0,0.0,0.0,0.0,0.0,0.0,0.0,0.0,0.0,0.0,0.0,0.0,0.0,0.0,0.0,0.0,0.0,0.0,0.0,0.0,0.0,0.0,0.0,0.12116901818850097,0.0,0.0,0.0,0.13707322962726104,0.1208310935494347,0.11529280796058579,0.0,0.0,0.0,0.0,0.0,0.19300254148655316,0.0,0.0,0.0,0.0,0.0,0.0,0.0,0.0,0.0,0.0,0.22518523463619614,0.0,0.0,0.0,0.0,0.0,0.0,0.0,0.0,0.0,0.0
crontab -r,0.0,0.0,0.0,0.0,0.0,0.0,0.0,0.0,0.0,0.0,0.6623363336959169,0.7643908346356186,0.8206461415601376,1.0,0.0,0.0,0.0,0.0,0.0,0.0,0.0,0.0,0.0,0.0,0.0,0.0,0.0,0.0,0.0,0.0,0.0,0.0,0.0,0.0,0.0,0.0,0.0,0.0,0.0,0.0,0.0,0.0,0.0,0.0,0.2615599820883703,0.0,0.0,0.0,0.14542604897515224,0.0,0.0,0.0,0.14631825361644793,0.0,0.0,0.2056149340547427,0.19637938398659868,0.16527409999700926,0.0,0.0,0.0,0.2615599820883703,0.2615599820883703,0.0,0.0,0.0,0.0,0.0,0.19693990333507133,0.0,0.0,0.0,0.0,0.0,0.0,0.0,0.0,0.0,0.0,0.0,0.0,0.0,0.0,0.0,0.0,0.0,0.0,0.0,0.0,0.0,0.0,0.0,0.0,0.0,0.0,0.0,0.0,0.0,0.0,0.0,0.0,0.0,0.0,0.0,0.0,0.0,0.0,0.0,0.0,0.0,0.0,0.0,0.0,0.0,0.0,0.0,0.0,0.0,0.0,0.0,0.0,0.0,0.0,0.0,0.0,0.0,0.0,0.0,0.199057818197933,0.0,0.0,0.0,0.0,0.0,0.0,0.0,0.0,0.0,0.0,0.0,0.0,0.0,0.0,0.0,0.11985009105937201,0.0,0.0,0.0,0.13558118484604917,0.11951584473660086,0.11403784349453631,0.0,0.0,0.0,0.0,0.0,0.0,0.0,0.0,0.0,0.0,0.0,0.0,0.0,0.0,0.19877057963102374,0.0,0.0,0.0,0.0,0.0,0.0,0.0,0.0,0.0,0.0,0.0,0.0
curl,0.0,0.18827575193914897,0.10371862187142829,0.1059061455977737,0.09559454246283798,0.0,0.15230659055641024,0.18230076154614028,0.1788685203386264,0.18593848155527326,0.0,0.0,0.0,0.0,1.0,0.48942074460481816,0.48942074460481816,0.6825104068503629,0.6379046210123646,0.0,0.0,0.0,0.0,0.0,0.0,0.0,0.0,0.0,0.0,0.0,0.0,0.0,0.0,0.0,0.0,0.0,0.0,0.0,0.0,0.0,0.0845546275334694,0.06945038426688804,0.06884773927222436,0.0,0.0,0.0,0.0,0.0,0.0,0.0,0.0,0.0,0.0,0.0,0.18827575193914897,0.10716610579392302,0.1023525549678712,0.0861405411367607,0.0,0.2319283766787832,0.0,0.0,0.0,0.0,0.0,0.0,0.0,0.0,0.0,0.0,0.0,0.0,0.0,1.0,0.5004335924255362,0.6825104068503629,0.6379046210123646,0.0,0.0,0.0,0.0,0.0,0.0,0.0,0.0,0.0,0.0,0.0,0.0,0.0,0.0,0.0,0.0,0.0,0.0,0.0,0.0,0.0,0.0,0.0,0.0,0.0,0.22870972907253015,0.12018856335629724,0.21495926444099248,0.09899877849109051,0.2162579608657901,0.10602318381134511,0.0,0.0,0.0,0.0,0.0,0.0,0.22870972907253015,0.12609630390469967,0.09725338623250727,0.10102933726790335,0.127493538235616,0.29792547703324596,0.17994677254395658,0.13306606908408117,0.15031081987877146,0.11780889100983284,0.4712539738790348,0.2923904513537574,0.28865635101063725,0.3357246192666757,0.2506686594911692,0.31430592313191463,0.4712539738790348,0.25203669444760435,0.3408527750929373,0.2938950415741337,0.29825443677006735,0.2633958017090806,0.25203669444760435,0.29792547703324596,0.17994677254395658,0.3097740422181263,0.14169868355704685,0.29085509200119525,0.14247628259560183,0.0,0.0,0.0,0.0,0.0,0.0,0.0,0.0,0.0,0.0,0.0,0.0,0.0,0.0,0.0,0.0,0.0,0.13193940027518297,0.0,0.0,0.0,0.0,0.0,0.0,0.0,0.0,0.0,0.0,0.0,0.0,0.0,0.0,0.0,0.0,0.0
curl -X,0.0,0.09214605870509034,0.05076204514570001,0.051832664636688695,0.04678595215231907,0.0,0.07454200495833947,0.08922177445793739,0.0875419644104926,0.0910021500934711,0.0,0.0,0.0,0.0,0.48942074460481816,1.0,0.2395326652495347,0.334034751521242,0.3122037546027258,0.0,0.0,0.0,0.0,0.0,0.0,0.0,0.0,0.0,0.0,0.0,0.0,0.0,0.0,0.0,0.0,0.0,0.0,0.0,0.0,0.0,0.04138278876721366,0.0339904587809911,0.03369551181897043,0.0,0.0,0.0,0.0,0.0,0.0,0.0,0.0,0.0,0.0,0.0,0.09214605870509034,0.05244931529406052,0.0500934636645811,0.0421589677838154,0.0,0.11351055880911681,0.0,0.0,0.0,0.0,0.0,0.0,0.0,0.0,0.0,0.0,0.0,0.0,0.0,0.48942074460481816,0.24492258143017,0.334034751521242,0.3122037546027258,0.0,0.0,0.0,0.0,0.0,0.0,0.0,0.0,0.0,0.0,0.0,0.0,0.0,0.0,0.0,0.0,0.0,0.0,0.0,0.0,0.0,0.0,0.0,0.0,0.0,0.11193528590104394,0.058822776170822356,0.10520552326241456,0.04845205588407698,0.10584113223365463,0.051889945566322024,0.0,0.0,0.0,0.0,0.0,0.0,0.11193528590104394,0.06171414694895356,0.047597824705253686,0.04944585347258856,0.06239798241557804,0.14581090880635691,0.0880696834076971,0.06512529461276718,0.07356523338722903,0.057658115159100264,0.23064147079385672,0.1431019524168948,0.14127440624653584,0.16431059314366547,0.12268244197725967,0.15382783893292643,0.23064147079385672,0.12335198666428357,0.16682041898660402,0.1438383300828765,0.14597190852569703,0.12891136939824127,0.12335198666428357,0.14581090880635691,0.0880696834076971,0.15160984240163974,0.06935027521601238,0.14235051569932788,0.06973084831646595,0.0,0.0,0.0,0.0,0.0,0.0,0.0,0.21525237012410883,0.0,0.0,0.0,0.0,0.0,0.0,0.0,0.0,0.0,0.0645738795253932,0.0,0.0,0.0,0.0,0.0,0.0,0.0,0.0,0.0,0.0,0.0,0.0,0.0,0.0,0.0,0.0,0.0
curl -d,0.0,0.09214605870509034,0.05076204514570001,0.051832664636688695,0.04678595215231907,0.0,0.07454200495833947,0.08922177445793739,0.0875419644104926,0.0910021500934711,0.0,0.0,0.0,0.0,0.48942074460481816,0.2395326652495347,1.0000000000000002,0.334034751521242,0.3122037546027258,0.0,0.0,0.0,0.0,0.0,0.0,0.0,0.0,0.0,0.0,0.0,0.0,0.0,0.0,0.0,0.0,0.0,0.0,0.0,0.0,0.0,0.04138278876721366,0.0339904587809911,0.03369551181897043,0.0,0.0,0.0,0.0,0.0,0.0,0.0,0.0,0.0,0.0,0.0,0.09214605870509034,0.05244931529406052,0.0500934636645811,0.0421589677838154,0.0,0.11351055880911681,0.0,0.0,0.0,0.0,0.0,0.0,0.0,0.0,0.0,0.0,0.0,0.0,0.0,0.48942074460481816,0.24492258143017,0.334034751521242,0.3122037546027258,0.0,0.0,0.0,0.0,0.0,0.0,0.0,0.0,0.0,0.0,0.0,0.0,0.0,0.0,0.0,0.0,0.0,0.0,0.0,0.0,0.0,0.0,0.0,0.0,0.0,0.11193528590104394,0.058822776170822356,0.10520552326241456,0.04845205588407698,0.10584113223365463,0.051889945566322024,0.0,0.0,0.0,0.0,0.0,0.0,0.11193528590104394,0.06171414694895356,0.047597824705253686,0.04944585347258856,0.06239798241557804,0.14581090880635691,0.0880696834076971,0.06512529461276718,0.07356523338722903,0.057658115159100264,0.23064147079385672,0.1431019524168948,0.14127440624653584,0.4134028627961369,0.12268244197725967,0.15382783893292643,0.23064147079385672,0.12335198666428357,0.16682041898660402,0.1438383300828765,0.14597190852569703,0.12891136939824127,0.12335198666428357,0.14581090880635691,0.0880696834076971,0.15160984240163974,0.06935027521601238,0.14235051569932788,0.06973084831646595,0.0,0.0,0.0,0.0,0.0,0.0,0.0,0.0,0.0,0.0,0.0,0.0,0.0,0.0,0.0,0.0,0.0,0.0645738795253932,0.0,0.0,0.0,0.0,0.0,0.0,0.0,0.0,0.0,0.0,0.0,0.0,0.0,0.0,0.0,0.0,0.0
curl -o,0.0,0.2170577905928043,0.11957426633472668,0.2894588749695017,0.11020824490675735,0.0,0.1755899615239997,0.21016939312174354,0.20621245928607188,0.21436321765753844,0.0,0.0,0.0,0.0,0.6825104068503629,0.334034751521242,0.334034751521242,1.0,0.6208805855547802,0.263762722892975,0.14406560504777347,0.14738991789958322,0.11191534746673892,0.0,0.0,0.0,0.0,0.0,0.0,0.0,0.0,0.0,0.0,0.0,0.0,0.0,0.0,0.0,0.0,0.0,0.09748063915710274,0.08006738419328771,0.07937261181975451,0.0,0.0,0.0,0.0,0.0,0.0,0.0,0.0,0.0,0.0,0.0,0.2170577905928043,0.123548773065486,0.11799936642948615,0.09930899410592663,0.0,0.26738366730274926,0.0,0.0,0.0,0.0,0.0,0.0,0.0,0.0,0.0,0.0,0.0,0.0,0.0,0.6825104068503629,0.3415511347679414,1.0,0.6208805855547802,0.0,0.0,0.0,0.0,0.0,0.0,0.0,0.16589424762203955,0.0,0.0,0.0,0.0,0.0,0.0,0.0,0.0,0.0,0.0,0.0,0.0,0.0,0.0,0.0,0.0,0.0,0.26367297949024804,0.13856199615696022,0.24782045763437618,0.11413289236315279,0.24931768801967008,0.12223113062983933,0.0,0.0,0.0,0.0,0.0,0.0,0.26367297949024804,0.14537286318377846,0.11212067898217365,0.11647386615942938,0.1469836951347093,0.17173492906044568,0.10372777288208893,0.07670405418854777,0.08664454697178402,0.06790926959900684,0.3840791925898868,0.23830268751382466,0.2352593386524242,0.3068241016028745,0.2042987893608099,0.2561641320264214,0.3840791925898868,0.20541375876292944,0.31151080527003233,0.2395289515435241,0.24308192526860978,0.21467160482334183,0.20541375876292944,0.17173492906044568,0.10372777288208893,0.2524705798045612,0.08168020275054369,0.16765930557231487,0.08212843872234953,0.0,0.0,0.0,0.0,0.0,0.0,0.0,0.0,0.0,0.0,0.0,0.0,0.0,0.0,0.0,0.0,0.22271567904334008,0.152109203765798,0.0,0.0,0.0,0.0,0.0,0.0,0.0,0.0,0.0,0.0,0.0,0.0,0.0,0.0,0.0,0.0,0.0
curl -s,0.0,0.1201019721865608,0.06616258817681821,0.25276756418256396,0.06098020038060706,0.0,0.09715707792657227,0.11629049820435607,0.1141010556776539,0.11861101660813113,0.0,0.0,0.0,0.0,0.6379046210123646,0.3122037546027258,0.3122037546027258,0.6208805855547802,1.0000000000000002,0.2918892993633355,0.15942817111731294,0.16310697507617639,0.12384954174637357,0.0,0.0,0.0,0.0,0.0,0.0,0.0,0.0,0.0,0.0,0.0,0.0,0.0,0.0,0.0,0.0,0.0,0.05393778763157945,0.044302721054932305,0.04391829102800637,0.0,0.0,0.0,0.0,0.0,0.0,0.0,0.0,0.0,0.0,0.0,0.1201019721865608,0.06836175410184343,0.06529116778642709,0.05494944924764534,0.0,0.1479481832272921,0.0,0.0,0.0,0.0,0.0,0.0,0.0,0.0,0.0,0.0,0.0,0.0,0.0,0.6379046210123646,0.31922890111806773,0.6208805855547802,1.0000000000000002,0.0,0.0,0.0,0.0,0.0,0.0,0.0,0.18358453073163392,0.0,0.0,0.0,0.0,0.0,0.0,0.0,0.0,0.0,0.0,0.0,0.0,0.0,0.0,0.0,0.0,0.0,0.14589499304585293,0.07666883995781935,0.13712350811632795,0.06315177827404612,0.1379519525669986,0.06763267888770037,0.0,0.0,0.0,0.0,0.0,0.0,0.14589499304585293,0.0804374149533874,0.06203838448681667,0.06444708110101224,0.08132871718971604,0.1900480385168207,0.11478887774205081,0.08488346036868592,0.0958839665888255,0.07515083597151438,0.3006150876078765,0.18651722005845284,0.18413522019425263,0.21416028601782916,0.15990269623239176,0.2004972007774054,0.3006150876078765,0.1607753720528082,0.21743156031667293,0.18747700511276089,0.19025788345306607,0.168021399065479,0.1607753720528082,0.1900480385168207,0.11478887774205081,0.19760629300062205,0.09039024503240894,0.18553780723253888,0.09088627905239795,0.0,0.0,0.0,0.0,0.0,0.0,0.0,0.0,0.0,0.0,0.0,0.0,0.0,0.0,0.0,0.0,0.24646516687488085,0.08416475312913925,0.0,0.0,0.0,0.0,0.0,0.0,0.0,0.0,0.0,0.0,0.0,0.0,0.0,0.0,0.0,0.0,0.0
echo,0.477803687785371,0.0,0.0,0.2633439839933781,0.0,0.0,0.0,0.0,0.0,0.0,0.0,0.0,0.0,0.0,0.0,0.0,0.0,0.263762722892975,0.2918892993633355,1.0,0.5461939559451314,0.5587973777454085,0.42430312456301866,0.0,0.0,0.0,0.0,0.0,0.0,0.0,0.0,0.0,0.0,0.0,0.0,0.0,0.0,0.0,0.0,0.0,0.0,0.0,0.0,0.0,0.0,0.0,0.0,0.0,0.0,0.0,0.0,0.0,0.0,0.0,0.0,0.0,0.0,0.0,0.0,0.0,0.0,0.0,0.0,0.0,0.0,0.0,0.0,0.0,0.0,0.0,0.0,0.0,0.0,0.0,0.0,0.263762722892975,0.2918892993633355,0.0,0.0,0.0,0.0,0.0,0.0,0.0,0.2610334248689617,0.0,0.0,0.0,0.0,0.0,0.0,0.0,0.0,0.0,0.0,0.0,0.0,0.0,0.0,0.0,0.0,0.0,0.0,0.0,0.0,0.0,0.0,0.0,0.0,0.0,0.0,0.0,0.0,0.0,0.0,0.0,0.0,0.0,0.0,0.0,0.0,0.0,0.0,0.0,0.0,0.0,0.0,0.0,0.0,0.0,0.0,0.0,0.0,0.0,0.0,0.0,0.0,0.0,0.0,0.0,0.0,0.0,0.0,0.0,0.0,0.0,0.0,0.0,0.0,0.0,0.0,0.0,0.0,0.0,0.0,0.0,0.0,0.0,0.0,0.3504415451773382,0.0,0.0,0.0,0.0,0.0,0.0,0.0,0.0,0.0,0.0,0.0,0.0,0.0,0.0,0.0,0.0,0.0,0.0
echo -e,0.2609734863966643,0.0,0.0,0.14383689239169453,0.0,0.0,0.0,0.0,0.0,0.0,0.0,0.0,0.0,0.0,0.0,0.0,0.0,0.14406560504777347,0.15942817111731294,0.5461939559451314,1.0000000000000002,0.30521175032253056,0.7768359937795477,0.0,0.0,0.0,0.0,0.0,0.0,0.0,0.0,0.0,0.0,0.0,0.0,0.0,0.0,0.0,0.0,0.0,0.0,0.0,0.0,0.0,0.0,0.0,0.0,0.0,0.0,0.0,0.0,0.0,0.0,0.0,0.0,0.0,0.0,0.0,0.0,0.0,0.0,0.0,0.0,0.0,0.0,0.0,0.0,0.0,0.0,0.0,0.0,0.0,0.0,0.0,0.0,0.14406560504777347,0.15942817111731294,0.0,0.0,0.0,0.0,0.0,0.0,0.0,0.14257487896308443,0.0,0.0,0.0,0.0,0.0,0.0,0.0,0.0,0.0,0.0,0.0,0.0,0.0,0.0,0.0,0.0,0.0,0.0,0.0,0.0,0.0,0.0,0.0,0.0,0.0,0.0,0.0,0.0,0.0,0.0,0.0,0.0,0.0,0.0,0.0,0.0,0.0,0.0,0.0,0.0,0.0,0.0,0.0,0.0,0.0,0.0,0.0,0.0,0.0,0.0,0.0,0.0,0.0,0.0,0.0,0.0,0.0,0.0,0.0,0.0,0.0,0.0,0.0,0.0,0.0,0.0,0.0,0.0,0.0,0.0,0.0,0.0,0.0,0.0,0.19140905388793483,0.0,0.0,0.0,0.0,0.0,0.0,0.0,0.0,0.0,0.0,0.0,0.0,0.0,0.0,0.0,0.0,0.0,0.0
echo -n,0.2669954478115512,0.0,0.0,0.1471559277005285,0.0,0.0,0.0,0.0,0.0,0.0,0.0,0.0,0.0,0.0,0.0,0.0,0.0,0.14738991789958322,0.16310697507617639,0.5587973777454085,0.30521175032253056,1.0000000000000002,0.759314809734726,0.0,0.0,0.0,0.0,0.0,0.0,0.0,0.0,0.0,0.0,0.0,0.0,0.0,0.0,0.0,0.0,0.0,0.0,0.0,0.0,0.0,0.0,0.0,0.0,0.0,0.0,0.0,0.0,0.0,0.0,0.0,0.0,0.0,0.0,0.0,0.0,0.0,0.0,0.0,0.0,0.0,0.0,0.0,0.0,0.0,0.0,0.0,0.0,0.0,0.0,0.0,0.19562289691442938,0.14738991789958322,0.16310697507617639,0.0,0.0,0.0,0.0,0.0,0.0,0.0,0.1458647933206789,0.0,0.0,0.0,0.0,0.0,0.0,0.0,0.0,0.0,0.0,0.21997484289588579,0.0,0.0,0.0,0.0,0.0,0.0,0.0,0.0,0.0,0.0,0.0,0.0,0.0,0.0,0.0,0.0,0.0,0.0,0.0,0.0,0.0,0.0,0.0,0.0,0.0,0.0,0.0,0.0,0.0,0.0,0.0,0.0,0.0,0.0,0.0,0.0,0.0,0.0,0.0,0.0,0.0,0.0,0.0,0.0,0.0,0.0,0.0,0.0,0.0,0.0,0.0,0.0,0.0,0.0,0.0,0.0,0.0,0.0,0.0,0.0,0.0,0.0,0.0,0.19582581649814565,0.0,0.0,0.0,0.0,0.0,0.0,0.0,0.0,0.0,0.0,0.0,0.0,0.0,0.0,0.0,0.0,0.0,0.0
echo -ne,0.20273359765506596,0.0,0.0,0.11173767524326388,0.0,0.0,0.0,0.0,0.0,0.0,0.0,0.0,0.0,0.0,0.0,0.0,0.0,0.11191534746673892,0.12384954174637357,0.42430312456301866,0.7768359937795477,0.759314809734726,1.0000000000000002,0.0,0.0,0.0,0.0,0.0,0.0,0.0,0.0,0.0,0.0,0.0,0.0,0.0,0.0,0.0,0.0,0.0,0.0,0.0,0.0,0.0,0.0,0.0,0.0,0.0,0.0,0.0,0.0,0.0,0.0,0.0,0.0,0.0,0.0,0.0,0.0,0.0,0.0,0.0,0.0,0.0,0.0,0.0,0.0,0.0,0.0,0.0,0.0,0.0,0.0,0.0,0.14853936275033586,0.11191534746673892,0.12384954174637357,0.0,0.0,0.0,0.0,0.0,0.0,0.0,0.11075729778728642,0.0,0.0,0.0,0.0,0.0,0.0,0.0,0.0,0.0,0.0,0.16703015597991575,0.0,0.0,0.0,0.0,0.0,0.0,0.0,0.0,0.0,0.0,0.0,0.0,0.0,0.0,0.0,0.0,0.0,0.0,0.0,0.0,0.0,0.0,0.0,0.0,0.0,0.0,0.0,0.0,0.0,0.0,0.0,0.0,0.0,0.0,0.0,0.0,0.0,0.0,0.0,0.0,0.0,0.0,0.0,0.0,0.0,0.0,0.0,0.0,0.0,0.0,0.0,0.0,0.0,0.0,0.0,0.0,0.0,0.0,0.0,0.0,0.0,0.0,0.0,0.14869344259543685,0.0,0.0,0.0,0.0,0.0,0.0,0.0,0.0,0.0,0.0,0.0,0.0,0.0,0.0,0.0,0.0,0.0,0.0
free,0.0,0.0,0.0,0.0,0.0,0.0,0.0,0.0,0.0,0.0,0.0,0.0,0.0,0.0,0.0,0.0,0.0,0.0,0.0,0.0,0.0,0.0,0.0,1.0000000000000002,0.8367767042690492,0.5768035322439904,0.8367767042690492,0.0,0.0,0.0,0.0,0.0,0.0,0.0,0.31561920797034515,0.0,0.0,0.0,0.0,0.0,0.0,0.0,0.0,0.31561920797034515,0.4145998104505912,0.0,0.0,0.0,0.0,0.0,0.0,0.20734582149474906,0.0,0.0,0.0,0.0,0.0,0.0,0.0,0.0,0.0,0.4145998104505912,0.4145998104505912,0.5979064910467197,0.5979064910467197,0.31561920797034515,0.24806505811144064,0.33316231716190536,0.0,0.0,0.0,0.0,0.0,0.0,0.0,0.0,0.0,0.0,0.0,0.0,0.0,0.0,0.0,0.0,0.0,0.0,0.0,0.0,0.0,0.0,0.0,0.0,0.0,0.0,0.0,0.0,0.0,0.0,0.0,0.0,0.0,0.0,0.0,0.0,0.0,0.0,0.0,0.0,0.0,0.0,0.0,0.0,0.0,0.0,0.0,0.0,0.0,0.0,0.0,0.0,0.0,0.0,0.0,0.0,0.0,0.0,0.0,0.0,0.0,0.0,0.0,0.0,0.0,0.0,0.0,0.0,0.0,0.0,0.0,0.0,0.0,0.0,0.0,0.0,0.0,0.0,0.0,0.0,0.0,0.0,0.0,0.0,0.0,0.0,0.0,0.0,0.0,0.0,0.0,0.0,0.0,0.0,0.0,0.0,0.0,0.0,0.0,0.0,0.0,0.0,0.0,0.0,0.0,0.0,0.0,0.0,0.0,0.0
free -g,0.0,0.0,0.0,0.0,0.0,0.0,0.0,0.0,0.0,0.0,0.0,0.0,0.0,0.0,0.0,0.0,0.0,0.0,0.0,0.0,0.0,0.0,0.0,0.8367767042690492,1.0000000000000002,0.4826557587218724,0.759809384926496,0.0,0.0,0.0,0.0,0.0,0.0,0.0,0.1607924152037524,0.0,0.0,0.0,0.0,0.0,0.0,0.0,0.0,0.1607924152037524,0.21121814890186322,0.0,0.0,0.0,0.0,0.0,0.0,0.1056324665249123,0.0,0.0,0.0,0.0,0.0,0.0,0.0,0.0,0.0,0.21121814890186322,0.21121814890186322,0.30460385912392185,0.30460385912392185,0.1607924152037524,0.12637690867390242,0.1697297638373601,0.0,0.0,0.0,0.0,0.0,0.0,0.0,0.0,0.0,0.0,0.0,0.0,0.0,0.0,0.0,0.0,0.0,0.0,0.0,0.0,0.0,0.0,0.0,0.0,0.0,0.0,0.0,0.0,0.0,0.0,0.0,0.0,0.0,0.0,0.0,0.0,0.0,0.0,0.0,0.0,0.0,0.0,0.0,0.0,0.0,0.0,0.0,0.0,0.0,0.0,0.0,0.0,0.0,0.0,0.0,0.0,0.0,0.0,0.0,0.0,0.0,0.0,0.0,0.0,0.0,0.0,0.0,0.0,0.0,0.0,0.0,0.0,0.0,0.0,0.0,0.0,0.0,0.0,0.0,0.0,0.0,0.0,0.0,0.0,0.0,0.0,0.0,0.0,0.0,0.0,0.0,0.0,0.0,0.0,0.0,0.0,0.0,0.0,0.0,0.0,0.0,0.0,0.0,0.0,0.0,0.0,0.0,0.0,0.0,0.0
free -h,0.0,0.0,0.0,0.0,0.0,0.0,0.0,0.0,0.0,0.0,0.0,0.0,0.0,0.0,0.0,0.0,0.0,0.0,0.0,0.0,0.0,0.0,0.0,0.5768035322439904,0.4826557587218724,1.0000000000000002,0.4826557587218724,0.0,0.0,0.0,0.0,0.0,0.0,0.0,0.18205027400134563,0.0,0.0,0.0,0.0,0.6666922487973053,0.0,0.0,0.4742240067566828,0.18205027400134563,0.23914263513558978,0.0,0.0,0.0,0.0,0.0,0.0,0.11959780223420313,0.0,0.0,0.0,0.0,0.0,0.0,0.0,0.0,0.0,0.23914263513558978,0.23914263513558978,0.3448745759873576,0.3448745759873576,0.18205027400134563,0.14308480174498966,0.19216920134957957,0.0,0.0,0.0,0.0,0.0,0.0,0.0,0.0,0.0,0.0,0.0,0.0,0.0,0.0,0.0,0.0,0.0,0.0,0.0,0.0,0.0,0.0,0.0,0.0,0.0,0.0,0.0,0.0,0.0,0.24542706132880313,0.24542706132880313,0.0,0.0,0.0,0.0,0.0,0.0,0.0,0.0,0.0,0.0,0.0,0.0,0.0,0.0,0.0,0.0,0.0,0.0,0.0,0.0,0.0,0.0,0.0,0.0,0.0,0.0,0.0,0.0,0.0,0.0,0.0,0.0,0.0,0.0,0.0,0.0,0.0,0.0,0.0,0.0,0.0,0.0,0.0,0.0,0.0,0.0,0.0,0.0,0.0,0.0,0.0,0.0,0.0,0.0,0.0,0.0,0.0,0.0,0.0,0.0,0.0,0.0,0.0,0.0,0.0,0.0,0.0,0.0,0.0,0.0,0.0,0.0,0.0,0.0,0.0,0.0,0.0,0.0,0.0
free -m,0.0,0.0,0.0,0.0,0.0,0.0,0.0,0.0,0.0,0.0,0.0,0.0,0.0,0.0,0.0,0.0,0.0,0.0,0.0,0.0,0.0,0.0,0.0,0.8367767042690492,0.759809384926496,0.4826557587218724,1.0000000000000002,0.0,0.0,0.0,0.0,0.0,0.0,0.0,0.1607924152037524,0.0,0.0,0.0,0.0,0.0,0.0,0.0,0.0,0.1607924152037524,0.21121814890186322,0.0,0.0,0.0,0.0,0.0,0.0,0.1056324665249123,0.0,0.0,0.0,0.0,0.0,0.0,0.0,0.0,0.0,0.21121814890186322,0.21121814890186322,0.30460385912392185,0.30460385912392185,0.1607924152037524,0.12637690867390242,0.1697297638373601,0.0,0.0,0.0,0.0,0.0,0.0,0.0,0.0,0.0,0.0,0.0,0.0,0.0,0.0,0.0,0.0,0.0,0.0,0.0,0.0,0.0,0.0,0.0,0.0,0.0,0.0,0.0,0.0,0.0,0.0,0.0,0.0,0.0,0.0,0.0,0.0,0.0,0.0,0.0,0.0,0.0,0.0,0.0,0.0,0.0,0.0,0.0,0.0,0.0,0.0,0.0,0.0,0.0,0.0,0.0,0.0,0.0,0.0,0.0,0.0,0.0,0.0,0.0,0.0,0.0,0.0,0.0,0.0,0.0,0.0,0.0,0.0,0.0,0.0,0.0,0.0,0.0,0.0,0.0,0.0,0.0,0.0,0.0,0.0,0.0,0.0,0.0,0.0,0.0,0.0,0.0,0.0,0.0,0.0,0.0,0.0,0.0,0.0,0.0,0.0,0.0,0.0,0.0,0.0,0.0,0.0,0.0,0.0,0.0,0.0
grep,0.0,0.0,0.0,0.0,0.0,0.0,0.0,0.0,0.0,0.0,0.0,0.0,0.0,0.0,0.0,0.0,0.0,0.0,0.0,0.0,0.0,0.0,0.0,0.0,0.0,0.0,0.0,1.0000000000000002,0.5059288746219425,0.6363948026299526,0.5892744784595251,0.6224892381647023,0.0,0.0,0.0,0.0,0.0,0.0,0.0,0.0,0.0,0.0,0.0,0.0,0.0,0.0,0.0,0.0,0.0,0.0,0.0,0.0,0.0,0.0,0.0,0.0,0.0,0.0,0.0,0.0,0.0,0.0,0.0,0.0,0.0,0.0,0.0,0.0,0.0,0.0,0.0,0.0,0.0,0.0,0.0,0.0,0.0,0.0,0.0,1.0000000000000002,0.6363948026299526,0.629287100260555,0.7706825860875574,0.7950728413054158,0.5730229464198694,0.0,0.0,0.0,0.0,0.0,0.0,0.0,0.0,0.0,0.0,0.0,0.0,0.0,0.0,0.0,0.0,0.0,0.0,0.0,0.0,0.0,0.0,0.0,0.0,0.0,0.0,0.0,0.0,0.0,0.0,0.0,0.0,0.0,0.0,0.0,0.0,0.0,0.0,0.0,0.0,0.0,0.0,0.0,0.0,0.0,0.0,0.0,0.0,0.0,0.0,0.0,0.0,0.0,0.0,0.0,0.0,0.0,0.0,0.0,0.0,0.0,0.0,0.0,0.0,0.0,0.0,0.0,0.0,0.0,0.0,0.0,0.0,0.0,0.0,0.0,0.0,0.0,0.0,0.0,0.0,0.0,0.0,0.0,0.0,0.0,0.0,0.0,0.0,0.0,0.0,0.0,0.0,0.0
grep -E,0.0,0.0,0.0,0.0,0.0,0.0,0.0,0.0,0.0,0.0,0.0,0.0,0.0,0.0,0.0,0.0,0.0,0.0,0.0,0.0,0.0,0.0,0.0,0.0,0.0,0.0,0.0,0.5059288746219425,1.0000000000000002,0.3219705063098251,0.29813097373045955,0.3149352797289381,0.0,0.0,0.0,0.0,0.0,0.0,0.0,0.0,0.1645626497499198,0.13516633677542134,0.13399345174152857,0.0,0.0,0.0,0.0,0.0,0.0,0.0,0.0,0.0,0.0,0.0,0.0,0.0,0.0,0.0,0.0,0.0,0.0,0.0,0.0,0.0,0.0,0.0,0.0,0.0,0.0,0.0,0.0,0.0,0.0,0.0,0.0,0.0,0.0,0.0,0.0,0.5059288746219425,0.3219705063098251,0.31837451444892806,0.3899105734700061,0.4022503078441192,0.2899088544147541,0.0,0.0,0.0,0.0,0.0,0.0,0.0,0.0,0.0,0.0,0.0,0.0,0.0,0.0,0.0,0.0,0.0,0.0,0.0,0.0,0.0,0.0,0.0,0.0,0.0,0.0,0.0,0.0,0.0,0.0,0.0,0.18927733942460767,0.0,0.0,0.0,0.0,0.0,0.0,0.0,0.0,0.0,0.0,0.0,0.0,0.0,0.0,0.0,0.0,0.0,0.0,0.0,0.0,0.0,0.0,0.0,0.0,0.0,0.0,0.0,0.0,0.0,0.0,0.0,0.0,0.0,0.0,0.0,0.0,0.0,0.0,0.0,0.0,0.0,0.0,0.0,0.0,0.0,0.0,0.0,0.0,0.0,0.0,0.0,0.0,0.0,0.0,0.0,0.0,0.0,0.0,0.0,0.0,0.0
grep -i,0.0,0.0,0.0,0.0,0.0,0.0,0.0,0.0,0.0,0.0,0.0,0.0,0.0,0.0,0.0,0.0,0.0,0.0,0.0,0.0,0.0,0.0,0.0,0.0,0.0,0.0,0.0,0.6363948026299526,0.3219705063098251,1.0,0.37501121541411764,0.3961489158610952,0.0,0.0,0.0,0.0,0.0,0.0,0.0,0.0,0.0,0.0,0.0,0.0,0.0,0.0,0.0,0.0,0.0,0.0,0.0,0.0,0.0,0.0,0.0,0.0,0.0,0.0,0.0,0.0,0.0,0.0,0.0,0.0,0.0,0.0,0.0,0.0,0.0,0.0,0.0,0.0,0.0,0.0,0.0,0.0,0.0,0.0,0.0,0.6363948026299526,1.0,0.4004750399678911,0.4904583922635325,0.5059802239189957,0.36466882488930663,0.0,0.0,0.0,0.0,0.0,0.0,0.0,0.0,0.0,0.0,0.0,0.0,0.0,0.0,0.6662735957822301,0.24876659410395965,0.0,0.0,0.0,0.0,0.0,0.0,0.0,0.0,0.0,0.0,0.0,0.0,0.0,0.0,0.6435348009191053,0.0,0.0,0.0,0.0,0.0,0.0,0.0,0.0,0.0,0.0,0.0,0.0,0.0,0.0,0.0,0.0,0.0,0.0,0.0,0.0,0.0,0.0,0.0,0.0,0.0,0.0,0.0,0.0,0.0,0.0,0.0,0.0,0.0,0.0,0.0,0.0,0.0,0.0,0.0,0.0,0.0,0.0,0.0,0.0,0.0,0.0,0.0,0.0,0.0,0.0,0.0,0.0,0.0,0.0,0.0,0.0,0.0,0.0,0.0,0.0,0.0,0.0
grep -r,0.0,0.0,0.0,0.0,0.0,0.0,0.0,0.0,0.0,0.0,0.0,0.0,0.0,0.0,0.0,0.0,0.0,0.0,0.0,0.0,0.0,0.0,0.0,0.0,0.0,0.0,0.0,0.5892744784595251,0.29813097373045955,0.37501121541411764,1.0,0.3668170211661719,0.0,0.0,0.0,0.0,0.0,0.4681415874718841,0.0,0.0,0.0,0.0,0.0,0.0,0.0,0.0,0.0,0.0,0.0,0.0,0.0,0.0,0.0,0.0,0.0,0.0,0.2160295538634366,0.18181180408413664,0.0,0.0,0.0,0.0,0.0,0.0,0.0,0.0,0.0,0.0,0.0,0.0,0.0,0.0,0.0,0.0,0.0,0.0,0.0,0.0,0.0,0.5892744784595251,0.37501121541411764,0.3708228278073453,0.45414357897458324,0.4685161338975815,0.3376677978969088,0.0,0.0,0.0,0.0,0.0,0.0,0.0,0.0,0.0,0.0,0.0,0.0,0.0,0.0,0.0,0.0,0.7180609009189489,0.3378413435730795,0.17753799058339484,0.1587648391844216,0.14623724348393194,0.1597240317531559,0.1566134287945451,0.0,0.0,0.0,0.0,0.0,0.0,0.3378413435730795,0.18626468101518007,0.14365901619079036,0.14923670794984895,0.18832862261293126,0.0,0.0,0.0,0.0,0.0,0.0,0.0,0.0,0.0,0.0,0.0,0.0,0.0,0.0,0.0,0.0,0.0,0.0,0.0,0.0,0.0,0.0,0.0,0.0,0.0,0.0,0.0,0.0,0.0,0.0,0.0,0.0,0.0,0.0,0.0,0.0,0.0,0.0,0.0,0.0,0.0,0.0,0.0,0.0,0.4705215715510562,0.0,0.0,0.0,0.0,0.0,0.0,0.0,0.0,0.0,0.0,0.0,0.0,0.0,0.0
